beam size: 100
Num Steps:   1000, Learning Rate: 0.001000
Starting Distribution
0.25, 0.25, 0.25, 0.25
0.25, 0.25, 0.25, 0.25
0.25, 0.25, 0.25, 0.25
0.25, 0.25, 0.25, 0.25
0.25, 0.25, 0.25, 0.25
0.25, 0.25, 0.25, 0.25
0.25, 0.25, 0.25, 0.25
0.25, 0.25, 0.25, 0.25
0.25, 0.25, 0.25, 0.25
0.25, 0.25, 0.25, 0.25
0.25, 0.25, 0.25, 0.25
0.25, 0.25, 0.25, 0.25

Final Sequence
((((...)))).
CAAAUCAAUUGA

free energy of ensemble: -0.03344 kcal/mol, free energy: -3.00000 kcal/mol
log Q(x): 0.0543, deltaG / kT:  -4.8676, -log p(y|x):  -4.8133
p(y|x) = 123.1420

Final Distribution
 1: 0.20, 0.45, 0.22, 0.13
 2: 0.39, 0.00, 0.22, 0.39
 3: 0.37, 0.00, 0.31, 0.32
 4: 0.61, 0.39, 0.00, 0.00
 5: 0.29, 0.27, 0.15, 0.29
 6: 0.26, 0.26, 0.24, 0.25
 7: 0.26, 0.24, 0.25, 0.25
 8: 0.45, 0.55, 0.00, 0.00
 9: 0.29, 0.28, 0.00, 0.43
10: 0.40, 0.02, 0.00, 0.58
11: 0.25, 0.22, 0.34, 0.20
12: 0.38, 0.05, 0.22, 0.35


Step, Sequence, -log p(y|x), p(y|x)
    1, AAAACCCUUUUA,     5.2094,     0.0055
   41, AAAUCCCAUUUA,     4.8828,     0.0076
  141, AAAUCCUAUUUA,     4.8831,     0.0076
  181, AAAUUCUAUUUA,     4.8833,     0.0076
  221, AAAAUCAAUUUA,    -2.1018,     8.1811
  561, CAAAUCAAUUGA,    -4.8133,   123.1420

start
4.0335
4.0155
3.9974
3.9794
3.9612
3.9431
3.9249
3.9067
3.8884
3.8701
3.8517
3.8333
3.8149
3.7965
3.7779
3.7594
3.7408
3.7222
3.7035
3.6848
3.6660
3.6472
3.6284
3.6095
3.5905
3.5716
3.5525
3.5335
3.5144
3.4952
3.4760
3.4568
3.4375
3.4181
3.3988
3.3793
3.3598
3.3403
3.3207
3.3011
3.2814
3.2617
3.2419
3.2221
3.2022
3.1823
3.1623
3.1422
3.1221
3.1020
3.0818
3.0615
3.0412
3.0208
3.0004
2.9799
2.9593
2.9387
2.9180
2.8973
2.8765
2.8556
2.8347
2.8137
2.7927
2.7715
2.7503
2.7291
2.7077
2.6863
2.6648
2.6433
2.6217
2.6000
2.5782
2.5563
2.5344
2.5124
2.4903
2.4681
2.4459
2.4236
2.4012
2.3787
2.3561
2.3334
2.3106
2.2878
2.2649
2.2418
2.2187
2.1955
2.1722
2.1488
2.1253
2.1016
2.0779
2.0541
2.0302
2.0062
1.9820
1.9578
1.9335
1.9090
1.8844
1.8597
1.8349
1.8100
1.7850
1.7598
1.7345
1.7091
1.6836
1.6579
1.6321
1.6062
1.5801
1.5540
1.5276
1.5012
1.4746
1.4478
1.4209
1.3939
1.3667
1.3394
1.3119
1.2843
1.2565
1.2285
1.2004
1.1722
1.1437
1.1151
1.0864
1.0574
1.0283
0.9990
0.9695
0.9399
0.9101
0.8801
0.8573
0.8348
0.8122
0.7896
0.7669
0.7442
0.7214
0.6986
0.6757
0.6527
0.6296
0.6065
0.5832
0.5600
0.5366
0.5131
0.4896
0.4659
0.4422
0.4183
0.3944
0.3704
0.3462
0.3237
0.3059
0.2881
0.2705
0.2528
0.2353
0.2178
0.2004
0.1831
0.1658
0.1486
0.1314
0.1144
0.0973
0.0821
0.0720
0.0619
0.0519
0.0418
0.0318
0.0218
0.0118
0.0018
-0.0081
-0.0181
-0.0280
-0.0379
-0.0478
-0.0577
-0.0676
-0.0775
-0.0874
-0.0973
-0.1071
-0.1170
-0.1268
-0.1367
-0.1461
-0.1485
-0.1508
-0.1531
-0.1555
-0.1578
-0.1601
-0.1623
-0.1646
-0.1668
-0.1691
-0.1713
-0.1735
-0.1756
-0.1778
-0.1800
-0.1821
-0.1842
-0.1864
-0.1885
-0.1905
-0.1926
-0.1947
-0.1968
-0.1988
-0.2008
-0.2029
-0.2049
-0.2069
-0.2089
-0.2109
-0.2128
-0.2148
-0.2168
-0.2187
-0.2207
-0.2226
-0.2245
-0.2264
-0.2283
-0.2302
-0.2321
-0.2340
-0.2359
-0.2377
-0.2396
-0.2415
-0.2433
-0.2452
-0.2463
-0.2468
-0.2473
-0.2478
-0.2483
-0.2488
-0.2493
-0.2498
-0.2503
-0.2508
-0.2513
-0.2518
-0.2523
-0.2528
-0.2533
-0.2537
-0.2542
-0.2547
-0.2552
-0.2557
-0.2562
-0.2567
-0.2572
-0.2577
-0.2582
-0.2587
-0.2592
-0.2597
-0.2602
-0.2607
-0.2612
-0.2617
-0.2622
-0.2627
-0.2632
-0.2637
-0.2642
-0.2647
-0.2652
-0.2657
-0.2662
-0.2667
-0.2672
-0.2677
-0.2682
-0.2687
-0.2692
-0.2697
-0.2702
-0.2707
-0.2712
-0.2717
-0.2722
-0.2727
-0.2732
-0.2737
-0.2742
-0.2747
-0.2752
-0.2757
-0.2762
-0.2767
-0.2772
-0.2778
-0.2783
-0.2788
-0.2793
-0.2798
-0.2803
-0.2808
-0.2813
-0.2818
-0.2823
-0.2828
-0.2833
-0.2838
-0.2843
-0.2848
-0.2853
-0.2858
-0.2863
-0.2869
-0.2874
-0.2879
-0.2884
-0.2889
-0.2894
-0.2899
-0.2904
-0.2909
-0.2914
-0.2919
-0.2925
-0.2930
-0.2935
-0.2940
-0.2945
-0.2950
-0.2955
-0.2960
-0.2966
-0.2971
-0.2976
-0.2981
-0.2986
-0.2991
-0.2997
-0.3002
-0.3007
-0.3012
-0.3017
-0.3022
-0.3028
-0.3033
-0.3038
-0.3043
-0.3049
-0.3054
-0.3059
-0.3064
-0.3069
-0.3075
-0.3080
-0.3085
-0.3090
-0.3096
-0.3101
-0.3106
-0.3111
-0.3117
-0.3122
-0.3127
-0.3133
-0.3138
-0.3143
-0.3149
-0.3154
-0.3159
-0.3164
-0.3170
-0.3175
-0.3180
-0.3186
-0.3191
-0.3197
-0.3202
-0.3207
-0.3213
-0.3218
-0.3223
-0.3229
-0.3234
-0.3240
-0.3245
-0.3250
-0.3256
-0.3261
-0.3267
-0.3272
-0.3278
-0.3283
-0.3288
-0.3294
-0.3299
-0.3305
-0.3310
-0.3316
-0.3321
-0.3327
-0.3332
-0.3338
-0.3343
-0.3349
-0.3354
-0.3360
-0.3366
-0.3371
-0.3377
-0.3382
-0.3388
-0.3393
-0.3399
-0.3404
-0.3410
-0.3416
-0.3421
-0.3427
-0.3433
-0.3438
-0.3444
-0.3450
-0.3455
-0.3459
-0.3462
-0.3466
-0.3469
-0.3473
-0.3476
-0.3480
-0.3483
-0.3487
-0.3490
-0.3494
-0.3498
-0.3501
-0.3505
-0.3508
-0.3512
-0.3516
-0.3519
-0.3523
-0.3527
-0.3530
-0.3534
-0.3538
-0.3541
-0.3545
-0.3549
-0.3553
-0.3556
-0.3560
-0.3564
-0.3568
-0.3571
-0.3575
-0.3579
-0.3583
-0.3587
-0.3591
-0.3594
-0.3598
-0.3602
-0.3606
-0.3610
-0.3614
-0.3618
-0.3622
-0.3625
-0.3629
-0.3633
-0.3637
-0.3641
-0.3645
-0.3649
-0.3653
-0.3657
-0.3661
-0.3665
-0.3669
-0.3673
-0.3678
-0.3682
-0.3686
-0.3690
-0.3694
-0.3698
-0.3702
-0.3706
-0.3711
-0.3715
-0.3719
-0.3723
-0.3727
-0.3732
-0.3736
-0.3740
-0.3744
-0.3749
-0.3753
-0.3757
-0.3762
-0.3766
-0.3770
-0.3775
-0.3779
-0.3783
-0.3788
-0.3792
-0.3797
-0.3801
-0.3806
-0.3810
-0.3815
-0.3819
-0.3824
-0.3828
-0.3833
-0.3837
-0.3842
-0.3846
-0.3851
-0.3856
-0.3860
-0.3865
-0.3870
-0.3874
-0.3879
-0.3884
-0.3888
-0.3893
-0.3898
-0.3903
-0.3907
-0.3912
-0.3917
-0.3922
-0.3927
-0.3932
-0.3937
-0.3941
-0.3946
-0.3951
-0.3956
-0.3961
-0.3966
-0.3971
-0.3976
-0.3981
-0.3986
-0.3991
-0.3996
-0.4002
-0.4007
-0.4012
-0.4017
-0.4022
-0.4027
-0.4032
-0.4038
-0.4043
-0.4048
-0.4053
-0.4059
-0.4064
-0.4069
-0.4075
-0.4080
-0.4086
-0.4091
-0.4096
-0.4102
-0.4107
-0.4113
-0.4118
-0.4124
-0.4129
-0.4135
-0.4141
-0.4146
-0.4152
-0.4157
-0.4163
-0.4169
-0.4174
-0.4180
-0.4186
-0.4192
-0.4198
-0.4203
-0.4209
-0.4215
-0.4221
-0.4227
-0.4233
-0.4239
-0.4245
-0.4251
-0.4257
-0.4263
-0.4269
-0.4275
-0.4281
-0.4287
-0.4293
-0.4299
-0.4305
-0.4312
-0.4318
-0.4324
-0.4330
-0.4337
-0.4343
-0.4349
-0.4356
-0.4362
-0.4368
-0.4375
-0.4381
-0.4388
-0.4394
-0.4401
-0.4407
-0.4414
-0.4421
-0.4427
-0.4434
-0.4441
-0.4447
-0.4454
-0.4461
-0.4468
-0.4474
-0.4481
-0.4488
-0.4495
-0.4502
-0.4509
-0.4516
-0.4523
-0.4530
-0.4537
-0.4544
-0.4551
-0.4558
-0.4565
-0.4573
-0.4580
-0.4587
-0.4594
-0.4602
-0.4609
-0.4616
-0.4624
-0.4631
-0.4639
-0.4646
-0.4654
-0.4661
-0.4669
-0.4677
-0.4684
-0.4692
-0.4700
-0.4707
-0.4715
-0.4723
-0.4731
-0.4739
-0.4747
-0.4755
-0.4763
-0.4771
-0.4779
-0.4787
-0.4795
-0.4803
-0.4811
-0.4819
-0.4828
-0.4836
-0.4844
-0.4852
-0.4861
-0.4869
-0.4878
-0.4886
-0.4895
-0.4903
-0.4912
-0.4920
-0.4929
-0.4938
-0.4947
-0.4955
-0.4964
-0.4973
-0.4982
-0.4991
-0.5000
-0.5009
-0.5018
-0.5027
-0.5036
-0.5045
-0.5053
-0.5059
-0.5065
-0.5071
-0.5077
-0.5083
-0.5090
-0.5096
-0.5102
-0.5108
-0.5114
-0.5120
-0.5127
-0.5133
-0.5139
-0.5145
-0.5152
-0.5158
-0.5164
-0.5170
-0.5177
-0.5183
-0.5189
-0.5196
-0.5202
-0.5208
-0.5215
-0.5221
-0.5228
-0.5234
-0.5240
-0.5247
-0.5253
-0.5260
-0.5266
-0.5273
-0.5279
-0.5286
-0.5292
-0.5299
-0.5305
-0.5312
-0.5318
-0.5325
-0.5332
-0.5338
-0.5345
-0.5351
-0.5358
-0.5365
-0.5371
-0.5378
-0.5385
-0.5391
-0.5398
-0.5405
-0.5412
-0.5419
-0.5425
-0.5432
-0.5439
-0.5446
-0.5453
-0.5459
-0.5466
-0.5473
-0.5480
-0.5487
-0.5494
-0.5501
-0.5508
-0.5515
-0.5522
-0.5529
-0.5536
-0.5543
-0.5550
-0.5557
-0.5564
-0.5571
-0.5578
-0.5585
-0.5592
-0.5600
-0.5607
-0.5614
-0.5621
-0.5628
-0.5636
-0.5643
-0.5650
-0.5657
-0.5665
-0.5672
-0.5679
-0.5687
-0.5694
-0.5701
-0.5709
-0.5716
-0.5723
-0.5731
-0.5738
-0.5746
-0.5753
-0.5761
-0.5768
-0.5776
-0.5783
-0.5791
-0.5799
-0.5806
-0.5814
-0.5821
-0.5829
-0.5837
-0.5844
-0.5852
-0.5860
-0.5867
-0.5875
-0.5883
-0.5891
-0.5899
-0.5906
-0.5914
-0.5922
-0.5930
-0.5938
-0.5946
-0.5954
-0.5962
-0.5969
-0.5977
-0.5985
-0.5993
-0.6001
-0.6009
-0.6018
-0.6026
-0.6034
-0.6042
-0.6050
-0.6058
-0.6066
-0.6075
-0.6083
-0.6091
-0.6099
-0.6108
-0.6116
-0.6124
-0.6133
-0.6141
-0.6149
-0.6158
-0.6166
-0.6175
-0.6183
-0.6192
-0.6200
-0.6209
-0.6217
-0.6226
-0.6235
-0.6243
-0.6252
-0.6260
-0.6266
-0.6273
-0.6279
-0.6286
-0.6292
-0.6299
-0.6306
-0.6312
-0.6319
-0.6326
-0.6332
-0.6339
-0.6346
-0.6353
-0.6359
-0.6366
-0.6373
-0.6380
-0.6387
-0.6393
-0.6400
-0.6407
-0.6414
-0.6421
-0.6428
-0.6435
-0.6442
-0.6449
-0.6456
-0.6463
-0.6470
-0.6477
-0.6484
-0.6492
-0.6499
-0.6506
-0.6513
-0.6520
-0.6527
-0.6535
-0.6542
-0.6549
-0.6556
-0.6564
-0.6571
-0.6579
-0.6586
-0.6593
-0.6601
-0.6608
-0.6616
-0.6623
-0.6631
-0.6638
-0.6646
-0.6653
-0.6661
-0.6669
-0.6676
-0.6684
-0.6691
-0.6699
-0.6707
-0.6715
-0.6722
-0.6730
-0.6738
-0.6746
-0.6754
-0.6762
-0.6770
-0.6777
-0.6785
-0.6793
-0.6801
-0.6809
-0.6817
-0.6825
-0.6834
-0.6842
-0.6850
-0.6858
-0.6866
-0.6874
-0.6883
-0.6891
-0.6899
-0.6907
-0.6916
-0.6924
-0.6933
-0.6941
-0.6949
-0.6958
-0.6966
-0.6975
-0.6983
-0.6992
-0.7000
-0.7009
-0.7018
-0.7026
-0.7035
-0.7044
-0.7052
-0.7061
-0.7070
end

Total Time: 107.52 seconds.
Average Time: 0.1075 seconds.
