beam size: 100
Num Steps:   1000, Learning Rate: 0.001000
Starting Distribution
0.25, 0.25, 0.25, 0.25
0.25, 0.25, 0.25, 0.25
0.25, 0.25, 0.25, 0.25
0.25, 0.25, 0.25, 0.25
0.25, 0.25, 0.25, 0.25
0.25, 0.25, 0.25, 0.25
0.25, 0.25, 0.25, 0.25
0.25, 0.25, 0.25, 0.25
0.25, 0.25, 0.25, 0.25
0.25, 0.25, 0.25, 0.25
0.25, 0.25, 0.25, 0.25
0.25, 0.25, 0.25, 0.25
0.25, 0.25, 0.25, 0.25
0.25, 0.25, 0.25, 0.25
0.25, 0.25, 0.25, 0.25
0.25, 0.25, 0.25, 0.25

Final Sequence
(((((......)))))
UUUAAGAGGGUUUAAA

free energy of ensemble: -0.19065 kcal/mol, free energy:  1.40000 kcal/mol
log Q(x): 0.3093, deltaG / kT:   2.2715, -log p(y|x):   2.5809
p(y|x) =   0.0757

Final Distribution
 1: 0.00, 0.00, 0.00, 1.00
 2: 0.00, 0.00, 0.00, 1.00
 3: 0.00, 0.00, 0.00, 1.00
 4: 0.69, 0.00, 0.31, 0.00
 5: 0.64, 0.00, 0.36, 0.00
 6: 0.02, 0.00, 0.73, 0.25
 7: 0.35, 0.11, 0.21, 0.33
 8: 0.34, 0.00, 0.34, 0.32
 9: 0.27, 0.14, 0.30, 0.29
10: 0.25, 0.25, 0.25, 0.25
11: 0.25, 0.00, 0.33, 0.42
12: 0.00, 0.00, 0.00, 1.00
13: 0.00, 0.00, 0.00, 1.00
14: 0.78, 0.00, 0.22, 0.00
15: 0.54, 0.00, 0.46, 0.00
16: 0.52, 0.00, 0.48, 0.00


Step, Sequence, -log p(y|x), p(y|x)
    1, UUUGGACCCCUUUGGG,    10.1206,     0.0000
    2, UUUGGAAAUCUUUGGG,     6.8854,     0.0010
    3, UUUGGAAAUUUUUGGG,     6.8541,     0.0011
    4, UUUGGAAUUUUUUGGG,     6.8559,     0.0011
    7, UUUGGUAUUUUUUGGG,     6.0198,     0.0024
   10, UUUGGUAUAUUUUGGG,     6.0185,     0.0024
   11, UUUGGGAUAUUUUGGG,     6.8418,     0.0011
   12, UUUGGGAUUUUUUGGG,     6.8418,     0.0011
   14, UUUGGGAUUAUUUGGG,     6.8383,     0.0011
   32, UUUGGGAUGAUUUGGG,     6.8414,     0.0011
   35, UUUGGGAGGAUUUGGG,     6.8415,     0.0011
  133, UUUGGGAGGGUUUGGG,     6.8380,     0.0011
  361, UUUGGGAGGGUUUAGG,     4.6037,     0.0100
  450, UUUAGGAGGGUUUAGG,     3.9866,     0.0186
  626, UUUAAGAGGGUUUAGG,     3.5510,     0.0287
  805, UUUAAGAGGGUUUAAG,     2.9880,     0.0504
  935, UUUAAGAGGGUUUAAA,     2.5809,     0.0757

start
4696.6490
4186.5709
4051.9523
4017.0796
4007.1553
3996.6497
3929.3788
3397.8331
2786.5796
1739.0312
1333.2125
512.1699
6.5961
6.5789
6.5617
6.5446
6.5277
6.5109
6.4942
6.4776
6.4611
6.4447
6.4285
6.4123
6.3963
6.3804
6.3646
6.3490
6.3334
6.3180
6.3027
6.2875
6.2724
6.2574
6.2426
6.2279
6.2133
6.1988
6.1844
6.1702
6.1560
6.1420
6.1281
6.1143
6.1007
6.0871
6.0737
6.0604
6.0472
6.0341
6.0211
6.0082
5.9955
5.9828
5.9703
5.9578
5.9455
5.9333
5.9212
5.9092
5.8973
5.8855
5.8738
5.8622
5.8507
5.8393
5.8280
5.8168
5.8056
5.7946
5.7837
5.7728
5.7621
5.7514
5.7408
5.7303
5.7199
5.7096
5.6994
5.6892
5.6791
5.6691
5.6592
5.6494
5.6396
5.6299
5.6202
5.6107
5.6012
5.5918
5.5824
5.5731
5.5639
5.5547
5.5456
5.5365
5.5275
5.5186
5.5097
5.5009
5.4922
5.4835
5.4748
5.4662
5.4576
5.4491
5.4406
5.4322
5.4238
5.4155
5.4072
5.3989
5.3907
5.3825
5.3744
5.3663
5.3582
5.3502
5.3422
5.3342
5.3263
5.3184
5.3105
5.3027
5.2949
5.2871
5.2793
5.2716
5.2638
5.2561
5.2484
5.2408
5.2331
5.2255
5.2179
5.2103
5.2027
5.1952
5.1876
5.1801
5.1726
5.1650
5.1575
5.1500
5.1425
5.1351
5.1276
5.1201
5.1126
5.1052
5.0977
5.0902
5.0828
5.0753
5.0678
5.0603
5.0529
5.0454
5.0379
5.0304
5.0229
5.0153
5.0078
5.0003
4.9927
4.9852
4.9776
4.9700
4.9624
4.9547
4.9471
4.9394
4.9321
4.9273
4.9225
4.9177
4.9129
4.9081
4.9033
4.8985
4.8937
4.8890
4.8842
4.8794
4.8746
4.8698
4.8650
4.8603
4.8555
4.8507
4.8459
4.8411
4.8363
4.8315
4.8267
4.8219
4.8171
4.8123
4.8075
4.8027
4.7979
4.7931
4.7883
4.7835
4.7787
4.7739
4.7690
4.7642
4.7594
4.7546
4.7497
4.7449
4.7400
4.7352
4.7303
4.7255
4.7206
4.7157
4.7109
4.7060
4.7011
4.6962
4.6913
4.6864
4.6815
4.6766
4.6717
4.6667
4.6618
4.6569
4.6519
4.6470
4.6420
4.6370
4.6320
4.6270
4.6220
4.6170
4.6120
4.6070
4.6019
4.5969
4.5918
4.5868
4.5817
4.5766
4.5715
4.5664
4.5613
4.5561
4.5510
4.5458
4.5407
4.5355
4.5303
4.5251
4.5199
4.5146
4.5094
4.5041
4.4988
4.4935
4.4882
4.4829
4.4776
4.4722
4.4668
4.4614
4.4560
4.4506
4.4451
4.4397
4.4342
4.4287
4.4231
4.4176
4.4120
4.4064
4.4008
4.3952
4.3895
4.3838
4.3781
4.3724
4.3666
4.3609
4.3551
4.3492
4.3434
4.3375
4.3316
4.3256
4.3197
4.3137
4.3077
4.3016
4.2955
4.2894
4.2832
4.2770
4.2708
4.2646
4.2583
4.2519
4.2456
4.2392
4.2327
4.2263
4.2197
4.2132
4.2066
4.2003
4.1969
4.1934
4.1900
4.1866
4.1832
4.1798
4.1764
4.1730
4.1696
4.1662
4.1629
4.1595
4.1562
4.1528
4.1495
4.1462
4.1429
4.1395
4.1362
4.1330
4.1297
4.1264
4.1232
4.1199
4.1166
4.1134
4.1101
4.1071
4.1041
4.1011
4.0981
4.0951
4.0921
4.0892
4.0862
4.0832
4.0803
4.0773
4.0744
4.0714
4.0685
4.0656
4.0627
4.0597
4.0568
4.0539
4.0510
4.0481
4.0452
4.0423
4.0394
4.0366
4.0337
4.0308
4.0280
4.0251
4.0222
4.0194
4.0165
4.0137
4.0109
4.0080
4.0052
4.0024
3.9996
3.9968
3.9940
3.9912
3.9884
3.9856
3.9828
3.9800
3.9772
3.9745
3.9717
3.9689
3.9662
3.9634
3.9607
3.9580
3.9552
3.9525
3.9498
3.9470
3.9443
3.9416
3.9389
3.9362
3.9335
3.9308
3.9281
3.9254
3.9227
3.9201
3.9174
3.9147
3.9121
3.9094
3.9067
3.9041
3.9015
3.8988
3.8962
3.8935
3.8909
3.8883
3.8857
3.8831
3.8805
3.8779
3.8753
3.8727
3.8701
3.8675
3.8649
3.8623
3.8597
3.8572
3.8546
3.8520
3.8495
3.8469
3.8444
3.8418
3.8393
3.8368
3.8342
3.8317
3.8292
3.8267
3.8242
3.8217
3.8191
3.8166
3.8142
3.8117
3.8092
3.8067
3.8042
3.8017
3.7993
3.7968
3.7943
3.7919
3.7894
3.7870
3.7845
3.7821
3.7796
3.7772
3.7748
3.7723
3.7699
3.7675
3.7651
3.7627
3.7602
3.7578
3.7554
3.7530
3.7507
3.7483
3.7459
3.7435
3.7411
3.7387
3.7364
3.7340
3.7316
3.7293
3.7269
3.7246
3.7222
3.7199
3.7176
3.7152
3.7129
3.7106
3.7082
3.7059
3.7036
3.7013
3.6990
3.6967
3.6944
3.6921
3.6898
3.6875
3.6852
3.6829
3.6806
3.6784
3.6761
3.6738
3.6715
3.6693
3.6670
3.6648
3.6625
3.6603
3.6580
3.6558
3.6535
3.6513
3.6491
3.6469
3.6446
3.6424
3.6402
3.6380
3.6358
3.6336
3.6314
3.6292
3.6270
3.6248
3.6226
3.6204
3.6182
3.6160
3.6139
3.6117
3.6095
3.6073
3.6052
3.6030
3.6009
3.5987
3.5966
3.5944
3.5923
3.5901
3.5880
3.5859
3.5837
3.5816
3.5795
3.5774
3.5753
3.5731
3.5710
3.5689
3.5668
3.5647
3.5626
3.5605
3.5584
3.5563
3.5543
3.5522
3.5501
3.5480
3.5460
3.5439
3.5418
3.5398
3.5377
3.5356
3.5336
3.5315
3.5295
3.5274
3.5254
3.5234
3.5213
3.5193
3.5173
3.5152
3.5132
3.5112
3.5092
3.5072
3.5051
3.5031
3.5011
3.4991
3.4971
3.4951
3.4931
3.4911
3.4892
3.4872
3.4852
3.4832
3.4812
3.4792
3.4773
3.4753
3.4733
3.4714
3.4694
3.4675
3.4655
3.4636
3.4616
3.4597
3.4577
3.4558
3.4538
3.4519
3.4500
3.4480
3.4461
3.4442
3.4423
3.4403
3.4384
3.4365
3.4346
3.4327
3.4308
3.4289
3.4270
3.4251
3.4232
3.4213
3.4194
3.4175
3.4156
3.4137
3.4119
3.4100
3.4081
3.4062
3.4044
3.4025
3.4006
3.3988
3.3969
3.3951
3.3932
3.3914
3.3895
3.3877
3.3858
3.3840
3.3821
3.3803
3.3785
3.3766
3.3748
3.3730
3.3712
3.3693
3.3675
3.3657
3.3639
3.3621
3.3603
3.3585
3.3566
3.3548
3.3530
3.3512
3.3494
3.3477
3.3459
3.3441
3.3423
3.3405
3.3387
3.3369
3.3352
3.3334
3.3316
3.3299
3.3281
3.3263
3.3246
3.3228
3.3210
3.3193
3.3175
3.3158
3.3140
3.3123
3.3105
3.3088
3.3070
3.3053
3.3036
3.3018
3.3001
3.2984
3.2966
3.2949
3.2932
3.2915
3.2898
3.2880
3.2863
3.2846
3.2829
3.2812
3.2795
3.2778
3.2761
3.2744
3.2727
3.2710
3.2693
3.2676
3.2659
3.2642
3.2625
3.2609
3.2592
3.2575
3.2558
3.2542
3.2525
3.2508
3.2491
3.2475
3.2458
3.2441
3.2425
3.2408
3.2392
3.2375
3.2359
3.2342
3.2326
3.2309
3.2293
3.2276
3.2260
3.2243
3.2227
3.2211
3.2194
3.2178
3.2162
3.2146
3.2129
3.2113
3.2097
3.2081
3.2064
3.2048
3.2032
3.2016
3.2000
3.1984
3.1968
3.1952
3.1936
3.1920
3.1904
3.1888
3.1872
3.1856
3.1840
3.1824
3.1808
3.1792
3.1776
3.1760
3.1745
3.1729
3.1713
3.1697
3.1682
3.1666
3.1650
3.1634
3.1619
3.1603
3.1587
3.1572
3.1556
3.1541
3.1525
3.1509
3.1494
3.1478
3.1463
3.1447
3.1432
3.1416
3.1401
3.1386
3.1370
3.1355
3.1339
3.1324
3.1309
3.1293
3.1278
3.1263
3.1247
3.1232
3.1217
3.1202
3.1186
3.1171
3.1156
3.1141
3.1126
3.1111
3.1095
3.1080
3.1065
3.1050
3.1035
3.1020
3.1005
3.0990
3.0975
3.0960
3.0945
3.0930
3.0915
3.0900
3.0885
3.0870
3.0855
3.0841
3.0826
3.0811
3.0796
3.0781
3.0766
3.0752
3.0737
3.0722
3.0707
3.0693
3.0678
3.0663
3.0648
3.0634
3.0619
3.0604
3.0590
3.0575
3.0561
3.0546
3.0531
3.0517
3.0502
3.0488
3.0473
3.0459
3.0444
3.0430
3.0415
3.0401
3.0386
3.0372
3.0357
3.0343
3.0329
3.0314
3.0300
3.0285
3.0271
3.0257
3.0242
3.0228
3.0214
3.0199
3.0185
3.0171
3.0157
3.0142
3.0128
3.0114
3.0100
3.0086
3.0071
3.0057
3.0043
3.0029
3.0015
3.0001
2.9986
2.9972
2.9958
2.9944
2.9930
2.9916
2.9902
2.9888
2.9874
2.9860
2.9846
2.9832
2.9818
2.9804
2.9790
2.9776
2.9762
2.9748
2.9734
2.9720
2.9706
2.9693
2.9679
2.9665
2.9651
2.9637
2.9623
2.9609
2.9596
2.9582
2.9568
2.9554
2.9540
2.9527
2.9513
2.9499
2.9485
2.9472
2.9458
2.9444
2.9431
2.9417
2.9403
2.9390
2.9376
2.9362
2.9349
2.9335
2.9321
2.9308
2.9294
2.9280
2.9267
2.9253
2.9240
2.9226
2.9213
2.9199
2.9186
2.9172
2.9158
2.9145
2.9131
2.9118
2.9104
2.9091
2.9078
2.9064
2.9051
2.9037
2.9024
2.9010
2.8997
2.8983
2.8970
2.8957
2.8943
2.8930
2.8916
2.8903
2.8890
2.8876
2.8863
2.8850
2.8836
2.8823
2.8810
2.8796
2.8783
2.8770
2.8756
2.8743
2.8730
2.8717
2.8703
2.8690
2.8677
2.8664
2.8650
2.8637
2.8624
2.8611
2.8597
2.8584
2.8571
2.8558
2.8545
2.8531
2.8518
2.8505
2.8492
2.8479
end

Total Time: 960.93 seconds.
Average Time: 0.9609 seconds.
