beam size: 100
Num Steps:   1000, Learning Rate: 0.001000
Starting Distribution
0.25, 0.25, 0.25, 0.25
0.25, 0.25, 0.25, 0.25
0.25, 0.25, 0.25, 0.25
0.25, 0.25, 0.25, 0.25
0.25, 0.25, 0.25, 0.25
0.25, 0.25, 0.25, 0.25
0.25, 0.25, 0.25, 0.25
0.25, 0.25, 0.25, 0.25
0.25, 0.25, 0.25, 0.25
0.25, 0.25, 0.25, 0.25
0.25, 0.25, 0.25, 0.25
0.25, 0.25, 0.25, 0.25

Final Sequence
((((...)))).
UAGAAUAUUUAA

free energy of ensemble: -0.01309 kcal/mol, free energy:  2.70000 kcal/mol
log Q(x): 0.0212, deltaG / kT:   4.3808, -log p(y|x):   4.4021
p(y|x) =   0.0123

Final Distribution
 1: 0.00, 0.00, 0.00, 1.00
 2: 0.87, 0.00, 0.13, 0.00
 3: 0.44, 0.00, 0.56, 0.00
 4: 0.59, 0.00, 0.41, 0.00
 5: 0.28, 0.19, 0.26, 0.27
 6: 0.24, 0.24, 0.26, 0.26
 7: 0.25, 0.25, 0.25, 0.24
 8: 0.00, 0.00, 0.00, 1.00
 9: 0.00, 0.00, 0.00, 1.00
10: 0.00, 0.00, 0.00, 1.00
11: 0.67, 0.00, 0.33, 0.00
12: 0.28, 0.19, 0.27, 0.27


Step, Sequence, -log p(y|x), p(y|x)
    1, UGGUCCCGUUGA,    11.3751,     0.0000
    2, UGGGAACUUUGA,     8.4507,     0.0002
    7, UGGGAAUUUUGA,     8.4424,     0.0002
   11, UGGGAACUUUGA,     8.4507,     0.0002
   12, UGGGAUCUUUGA,     8.4487,     0.0002
   21, UGGGAUAUUUGA,     8.4427,     0.0002
  107, UGGGAGAUUUGA,     8.4426,     0.0002
  346, UAGGAGAUUUGA,     6.1739,     0.0021
  608, UAGGAGAUUUAA,     5.6892,     0.0034
  815, UAGAAGAUUUAA,     4.4012,     0.0123
  926, UAGAAUAUUUAA,     4.4021,     0.0123

start
3832.1585
3385.9046
3284.6139
3261.7762
3255.9766
3250.0023
3214.5780
2939.8141
1734.7314
1011.8235
506.5821
7.7004
7.6950
7.6896
7.6842
7.6788
7.6734
7.6681
7.6627
7.6574
7.6520
7.6467
7.6414
7.6361
7.6308
7.6255
7.6202
7.6149
7.6097
7.6044
7.5992
7.5939
7.5887
7.5835
7.5783
7.5731
7.5679
7.5628
7.5576
7.5524
7.5473
7.5421
7.5370
7.5319
7.5268
7.5217
7.5166
7.5115
7.5064
7.5014
7.4963
7.4913
7.4862
7.4812
7.4762
7.4712
7.4662
7.4612
7.4562
7.4512
7.4463
7.4413
7.4364
7.4314
7.4265
7.4216
7.4167
7.4118
7.4069
7.4020
7.3971
7.3923
7.3874
7.3826
7.3777
7.3729
7.3681
7.3633
7.3585
7.3537
7.3489
7.3441
7.3393
7.3346
7.3298
7.3251
7.3203
7.3156
7.3109
7.3062
7.3015
7.2968
7.2921
7.2874
7.2828
7.2781
7.2735
7.2688
7.2642
7.2596
7.2549
7.2503
7.2457
7.2411
7.2366
7.2320
7.2274
7.2229
7.2183
7.2138
7.2092
7.2047
7.2002
7.1957
7.1912
7.1867
7.1822
7.1777
7.1733
7.1688
7.1643
7.1599
7.1555
7.1510
7.1466
7.1422
7.1378
7.1334
7.1290
7.1246
7.1202
7.1159
7.1115
7.1072
7.1028
7.0985
7.0942
7.0898
7.0855
7.0812
7.0769
7.0726
7.0684
7.0641
7.0598
7.0556
7.0513
7.0471
7.0428
7.0386
7.0344
7.0302
7.0260
7.0218
7.0176
7.0134
7.0092
7.0050
7.0009
6.9967
6.9926
6.9885
6.9843
6.9802
6.9761
6.9720
6.9679
6.9638
6.9597
6.9556
6.9515
6.9475
6.9434
6.9394
6.9353
6.9313
6.9273
6.9232
6.9192
6.9152
6.9112
6.9072
6.9032
6.8993
6.8953
6.8913
6.8874
6.8834
6.8795
6.8755
6.8716
6.8677
6.8638
6.8599
6.8560
6.8521
6.8482
6.8443
6.8404
6.8366
6.8327
6.8288
6.8250
6.8212
6.8173
6.8135
6.8097
6.8059
6.8021
6.7983
6.7945
6.7907
6.7869
6.7831
6.7794
6.7756
6.7719
6.7681
6.7644
6.7606
6.7569
6.7532
6.7495
6.7458
6.7421
6.7384
6.7347
6.7310
6.7274
6.7237
6.7200
6.7164
6.7127
6.7091
6.7055
6.7018
6.6982
6.6946
6.6910
6.6874
6.6838
6.6802
6.6766
6.6730
6.6695
6.6659
6.6623
6.6588
6.6552
6.6517
6.6482
6.6446
6.6411
6.6376
6.6341
6.6306
6.6271
6.6236
6.6201
6.6167
6.6132
6.6097
6.6063
6.6028
6.5994
6.5959
6.5925
6.5891
6.5856
6.5822
6.5788
6.5754
6.5720
6.5686
6.5652
6.5618
6.5585
6.5551
6.5517
6.5484
6.5450
6.5417
6.5383
6.5350
6.5317
6.5283
6.5250
6.5217
6.5184
6.5151
6.5118
6.5085
6.5052
6.5020
6.4987
6.4954
6.4922
6.4889
6.4857
6.4824
6.4792
6.4760
6.4727
6.4695
6.4663
6.4631
6.4599
6.4567
6.4535
6.4503
6.4471
6.4440
6.4408
6.4376
6.4345
6.4313
6.4282
6.4250
6.4219
6.4187
6.4156
6.4125
6.4094
6.4063
6.4032
6.4001
6.3970
6.3939
6.3908
6.3877
6.3847
6.3816
6.3785
6.3755
6.3724
6.3694
6.3663
6.3633
6.3603
6.3572
6.3542
6.3512
6.3482
6.3452
6.3422
6.3392
6.3362
6.3332
6.3302
6.3273
6.3243
6.3213
6.3184
6.3154
6.3125
6.3095
6.3066
6.3037
6.3007
6.2978
6.2949
6.2920
6.2891
6.2862
6.2833
6.2804
6.2775
6.2746
6.2717
6.2689
6.2660
6.2631
6.2603
6.2574
6.2546
6.2517
6.2489
6.2461
6.2432
6.2404
6.2376
6.2348
6.2320
6.2291
6.2263
6.2236
6.2208
6.2180
6.2152
6.2124
6.2097
6.2069
6.2041
6.2014
6.1986
6.1959
6.1931
6.1904
6.1877
6.1849
6.1822
6.1795
6.1768
6.1741
6.1714
6.1687
6.1660
6.1633
6.1606
6.1579
6.1552
6.1526
6.1499
6.1472
6.1446
6.1419
6.1393
6.1366
6.1340
6.1313
6.1287
6.1261
6.1234
6.1208
6.1182
6.1156
6.1130
6.1104
6.1078
6.1052
6.1026
6.1000
6.0975
6.0949
6.0923
6.0897
6.0872
6.0846
6.0821
6.0795
6.0770
6.0744
6.0719
6.0694
6.0668
6.0643
6.0618
6.0593
6.0568
6.0543
6.0518
6.0493
6.0468
6.0443
6.0418
6.0393
6.0368
6.0344
6.0319
6.0294
6.0270
6.0245
6.0220
6.0196
6.0172
6.0147
6.0123
6.0098
6.0074
6.0050
6.0026
6.0002
5.9977
5.9953
5.9929
5.9905
5.9881
5.9857
5.9834
5.9810
5.9786
5.9762
5.9738
5.9715
5.9691
5.9668
5.9644
5.9620
5.9597
5.9574
5.9550
5.9527
5.9503
5.9480
5.9457
5.9434
5.9411
5.9387
5.9364
5.9341
5.9318
5.9295
5.9272
5.9249
5.9227
5.9204
5.9181
5.9158
5.9135
5.9113
5.9090
5.9068
5.9045
5.9022
5.9000
5.8977
5.8955
5.8933
5.8910
5.8888
5.8866
5.8844
5.8821
5.8799
5.8777
5.8755
5.8733
5.8711
5.8689
5.8667
5.8645
5.8623
5.8602
5.8580
5.8558
5.8536
5.8515
5.8493
5.8471
5.8450
5.8428
5.8407
5.8385
5.8364
5.8342
5.8321
5.8300
5.8278
5.8257
5.8236
5.8215
5.8194
5.8172
5.8151
5.8130
5.8109
5.8088
5.8067
5.8046
5.8026
5.8005
5.7984
5.7963
5.7942
5.7922
5.7901
5.7880
5.7860
5.7839
5.7819
5.7798
5.7778
5.7757
5.7737
5.7716
5.7696
5.7676
5.7655
5.7635
5.7615
5.7595
5.7575
5.7555
5.7534
5.7514
5.7494
5.7474
5.7454
5.7435
5.7415
5.7395
5.7375
5.7355
5.7335
5.7316
5.7296
5.7276
5.7257
5.7237
5.7217
5.7198
5.7178
5.7159
5.7140
5.7120
5.7101
5.7081
5.7062
5.7043
5.7023
5.7004
5.6985
5.6966
5.6947
5.6928
5.6909
5.6890
5.6871
5.6852
5.6833
5.6814
5.6795
5.6776
5.6757
5.6738
5.6719
5.6701
5.6682
5.6663
5.6645
5.6626
5.6607
5.6589
5.6570
5.6552
5.6533
5.6515
5.6497
5.6478
5.6460
5.6441
5.6423
5.6405
5.6387
5.6368
5.6350
5.6332
5.6314
5.6296
5.6278
5.6260
5.6242
5.6224
5.6206
5.6188
5.6170
5.6152
5.6134
5.6116
5.6099
5.6081
5.6063
5.6045
5.6028
5.6010
5.5992
5.5975
5.5957
5.5940
5.5922
5.5905
5.5887
5.5870
5.5852
5.5835
5.5818
5.5800
5.5783
5.5766
5.5749
5.5731
5.5714
5.5697
5.5680
5.5663
5.5646
5.5629
5.5612
5.5595
5.5578
5.5561
5.5544
5.5527
5.5510
5.5493
5.5476
5.5460
5.5443
5.5426
5.5409
5.5393
5.5376
5.5359
5.5343
5.5326
5.5310
5.5293
5.5277
5.5260
5.5244
5.5227
5.5211
5.5194
5.5178
5.5162
5.5145
5.5129
5.5113
5.5097
5.5080
5.5064
5.5048
5.5032
5.5016
5.5000
5.4984
5.4968
5.4952
5.4936
5.4920
5.4904
5.4888
5.4872
5.4856
5.4840
5.4824
5.4809
5.4793
5.4777
5.4761
5.4746
5.4730
5.4714
5.4699
5.4683
5.4668
5.4652
5.4637
5.4621
5.4606
5.4590
5.4575
5.4559
5.4544
5.4529
5.4513
5.4498
5.4483
5.4467
5.4452
5.4437
5.4422
5.4406
5.4391
5.4376
5.4361
5.4346
5.4331
5.4316
5.4301
5.4286
5.4271
5.4256
5.4241
5.4226
5.4211
5.4196
5.4181
5.4167
5.4152
5.4137
5.4122
5.4108
5.4093
5.4078
5.4063
5.4049
5.4034
5.4020
5.4005
5.3990
5.3976
5.3961
5.3947
5.3932
5.3918
5.3904
5.3889
5.3875
5.3860
5.3846
5.3832
5.3817
5.3803
5.3789
5.3775
5.3760
5.3746
5.3732
5.3718
5.3704
5.3690
5.3676
5.3661
5.3647
5.3633
5.3619
5.3605
5.3591
5.3577
5.3564
5.3550
5.3536
5.3522
5.3508
5.3494
5.3480
5.3467
5.3453
5.3439
5.3425
5.3412
5.3398
5.3384
5.3371
5.3357
5.3343
5.3330
5.3316
5.3303
5.3289
5.3276
5.3262
5.3249
5.3235
5.3222
5.3208
5.3195
5.3182
5.3168
5.3155
5.3142
5.3128
5.3115
5.3102
5.3088
5.3075
5.3062
5.3049
5.3036
5.3023
5.3009
5.2996
5.2983
5.2970
5.2957
5.2944
5.2931
5.2918
5.2905
5.2892
5.2879
5.2866
5.2853
5.2840
5.2827
5.2815
5.2802
5.2789
5.2776
5.2763
5.2751
5.2738
5.2725
5.2712
5.2700
5.2687
5.2674
5.2662
5.2649
5.2637
5.2624
5.2611
5.2599
5.2586
5.2574
5.2561
5.2549
5.2536
5.2524
5.2511
5.2499
5.2487
5.2474
5.2462
5.2450
5.2437
5.2425
5.2413
5.2400
5.2388
5.2376
5.2364
5.2351
5.2339
5.2327
5.2315
5.2303
5.2291
5.2278
5.2266
5.2254
5.2242
5.2230
5.2218
5.2206
5.2194
5.2182
5.2170
5.2158
5.2146
5.2134
5.2123
5.2111
5.2099
5.2087
5.2075
5.2063
5.2052
5.2040
5.2028
5.2016
5.2005
5.1993
5.1981
5.1969
5.1958
5.1946
5.1934
5.1923
5.1911
5.1900
5.1888
5.1876
5.1865
5.1853
5.1842
5.1830
5.1819
5.1807
5.1796
5.1784
5.1773
5.1762
5.1750
5.1739
5.1727
5.1716
5.1705
5.1693
5.1682
5.1671
5.1660
5.1648
5.1637
5.1626
5.1615
5.1603
5.1592
5.1581
5.1570
5.1559
5.1548
5.1537
5.1525
5.1514
5.1503
5.1492
5.1481
5.1470
5.1459
5.1448
5.1437
5.1426
5.1415
5.1404
5.1393
5.1382
5.1371
5.1361
end

Total Time: 108.62 seconds.
Average Time: 0.1086 seconds.
