(((...)))
Num Steps:  10000, Learning Rate: 0.000100
Starting Distribution
0.00, 0.49, 0.51, 0.00
0.00, 0.51, 0.49, 0.00
0.00, 0.49, 0.51, 0.00
1.00, 0.00, 0.00, 0.00
1.00, 0.00, 0.00, 0.00
1.00, 0.00, 0.00, 0.00
0.00, 0.49, 0.51, 0.00
0.00, 0.49, 0.51, 0.00
0.00, 0.49, 0.51, 0.00

Target Structure
(((...)))
Final Sequence
GCCGAAGGC

Final Distribution
 1: 0.00, 0.00, 1.00, 0.00
 2: 0.00, 1.00, 0.00, 0.00
 3: 0.00, 1.00, 0.00, 0.00
 4: 0.36, 0.00, 0.64, 0.00
 5: 1.00, 0.00, 0.00, 0.00
 6: 1.00, 0.00, 0.00, 0.00
 7: 0.00, 0.00, 1.00, 0.00
 8: 0.00, 0.00, 1.00, 0.00
 9: 0.00, 1.00, 0.00, 0.00

Step, Sequence, -log p(y|x), p(y|x)
    1, GCCAAAGGC,     0.0159,     0.9842
 7799, GCCGAAGGC,     0.0073,     0.9927

start
25004.8107
24997.4956
24963.5172
24806.1012
24075.0272
20681.9625
20014.6893
20002.1582
19576.4176
14453.0044
4532.1709
-1.7132
-1.7160
-1.7187
-1.7215
-1.7243
-1.7270
-1.7298
-1.7326
-1.7353
-1.7381
-1.7409
-1.7436
-1.7464
-1.7492
-1.7519
-1.7547
-1.7574
-1.7602
-1.7630
-1.7657
-1.7685
-1.7712
-1.7740
-1.7767
-1.7795
-1.7823
-1.7850
-1.7878
-1.7905
-1.7933
-1.7960
-1.7988
-1.8015
-1.8042
-1.8070
-1.8097
-1.8125
-1.8152
-1.8180
-1.8207
-1.8235
-1.8262
-1.8289
-1.8317
-1.8344
-1.8371
-1.8399
-1.8426
-1.8454
-1.8481
-1.8508
-1.8536
-1.8563
-1.8590
-1.8617
-1.8645
-1.8672
-1.8699
-1.8727
-1.8754
-1.8781
-1.8808
-1.8836
-1.8863
-1.8890
-1.8917
-1.8944
-1.8972
-1.8999
-1.9026
-1.9053
-1.9080
-1.9108
-1.9135
-1.9162
-1.9189
-1.9216
-1.9243
-1.9270
-1.9298
-1.9325
-1.9352
-1.9379
-1.9406
-1.9433
-1.9460
-1.9487
-1.9514
-1.9541
-1.9568
-1.9595
-1.9622
-1.9649
-1.9676
-1.9703
-1.9730
-1.9757
-1.9784
-1.9811
-1.9838
-1.9865
-1.9892
-1.9919
-1.9946
-1.9973
-2.0000
-2.0027
-2.0054
-2.0080
-2.0107
-2.0134
-2.0161
-2.0188
-2.0215
-2.0242
-2.0268
-2.0295
-2.0322
-2.0349
-2.0376
-2.0403
-2.0429
-2.0456
-2.0483
-2.0510
-2.0536
-2.0563
-2.0590
-2.0617
-2.0643
-2.0670
-2.0697
-2.0724
-2.0750
-2.0777
-2.0804
-2.0830
-2.0857
-2.0884
-2.0910
-2.0937
-2.0964
-2.0990
-2.1017
-2.1044
-2.1070
-2.1097
-2.1123
-2.1150
-2.1177
-2.1203
-2.1230
-2.1256
-2.1283
-2.1309
-2.1336
-2.1362
-2.1389
-2.1416
-2.1442
-2.1469
-2.1495
-2.1522
-2.1548
-2.1575
-2.1601
-2.1627
-2.1654
-2.1680
-2.1707
-2.1733
-2.1760
-2.1786
-2.1813
-2.1839
-2.1865
-2.1892
-2.1918
-2.1944
-2.1971
-2.1997
-2.2024
-2.2050
-2.2076
-2.2103
-2.2129
-2.2155
-2.2182
-2.2208
-2.2234
-2.2260
-2.2287
-2.2313
-2.2339
-2.2366
-2.2392
-2.2418
-2.2444
-2.2471
-2.2497
-2.2523
-2.2549
-2.2575
-2.2602
-2.2628
-2.2654
-2.2680
-2.2706
-2.2732
-2.2759
-2.2785
-2.2811
-2.2837
-2.2863
-2.2889
-2.2915
-2.2942
-2.2968
-2.2994
-2.3020
-2.3046
-2.3072
-2.3098
-2.3124
-2.3150
-2.3176
-2.3202
-2.3228
-2.3254
-2.3280
-2.3306
-2.3332
-2.3358
-2.3384
-2.3410
-2.3436
-2.3462
-2.3488
-2.3514
-2.3540
-2.3566
-2.3592
-2.3618
-2.3644
-2.3670
-2.3696
-2.3721
-2.3747
-2.3773
-2.3799
-2.3825
-2.3851
-2.3877
-2.3903
-2.3928
-2.3954
-2.3980
-2.4006
-2.4032
-2.4057
-2.4083
-2.4109
-2.4135
-2.4161
-2.4186
-2.4212
-2.4238
-2.4264
-2.4289
-2.4315
-2.4341
-2.4367
-2.4392
-2.4418
-2.4444
-2.4469
-2.4495
-2.4521
-2.4547
-2.4572
-2.4598
-2.4624
-2.4649
-2.4675
-2.4700
-2.4726
-2.4752
-2.4777
-2.4803
-2.4829
-2.4854
-2.4880
-2.4905
-2.4931
-2.4956
-2.4982
-2.5008
-2.5033
-2.5059
-2.5084
-2.5110
-2.5135
-2.5161
-2.5186
-2.5212
-2.5237
-2.5263
-2.5288
-2.5314
-2.5339
-2.5365
-2.5390
-2.5416
-2.5441
-2.5466
-2.5492
-2.5517
-2.5543
-2.5568
-2.5594
-2.5619
-2.5644
-2.5670
-2.5695
-2.5720
-2.5746
-2.5771
-2.5797
-2.5822
-2.5847
-2.5873
-2.5898
-2.5923
-2.5948
-2.5974
-2.5999
-2.6024
-2.6050
-2.6075
-2.6100
-2.6125
-2.6151
-2.6176
-2.6201
-2.6226
-2.6252
-2.6277
-2.6302
-2.6327
-2.6353
-2.6378
-2.6403
-2.6428
-2.6453
-2.6479
-2.6504
-2.6529
-2.6554
-2.6579
-2.6604
-2.6629
-2.6655
-2.6680
-2.6705
-2.6730
-2.6755
-2.6780
-2.6805
-2.6830
-2.6855
-2.6880
-2.6905
-2.6931
-2.6956
-2.6981
-2.7006
-2.7031
-2.7056
-2.7081
-2.7106
-2.7131
-2.7156
-2.7181
-2.7206
-2.7231
-2.7256
-2.7281
-2.7306
-2.7331
-2.7356
-2.7380
-2.7405
-2.7430
-2.7455
-2.7480
-2.7505
-2.7530
-2.7555
-2.7580
-2.7605
-2.7630
-2.7654
-2.7679
-2.7704
-2.7729
-2.7754
-2.7779
-2.7804
-2.7828
-2.7853
-2.7878
-2.7903
-2.7928
-2.7952
-2.7977
-2.8002
-2.8027
-2.8052
-2.8076
-2.8101
-2.8126
-2.8151
-2.8175
-2.8200
-2.8225
-2.8250
-2.8274
-2.8299
-2.8324
-2.8348
-2.8373
-2.8398
-2.8422
-2.8447
-2.8472
-2.8496
-2.8521
-2.8546
-2.8570
-2.8595
-2.8620
-2.8644
-2.8669
-2.8694
-2.8718
-2.8743
-2.8767
-2.8792
-2.8816
-2.8841
-2.8866
-2.8890
-2.8915
-2.8939
-2.8964
-2.8988
-2.9013
-2.9037
-2.9062
-2.9086
-2.9111
-2.9135
-2.9160
-2.9184
-2.9209
-2.9233
-2.9258
-2.9282
-2.9307
-2.9331
-2.9356
-2.9380
-2.9405
-2.9429
-2.9453
-2.9478
-2.9502
-2.9527
-2.9551
-2.9576
-2.9600
-2.9624
-2.9649
-2.9673
-2.9697
-2.9722
-2.9746
-2.9770
-2.9795
-2.9819
-2.9843
-2.9868
-2.9892
-2.9916
-2.9941
-2.9965
-2.9989
-3.0014
-3.0038
-3.0062
-3.0086
-3.0111
-3.0135
-3.0159
-3.0183
-3.0208
-3.0232
-3.0256
-3.0280
-3.0305
-3.0329
-3.0353
-3.0377
-3.0401
-3.0426
-3.0450
-3.0474
-3.0498
-3.0522
-3.0546
-3.0571
-3.0595
-3.0619
-3.0643
-3.0667
-3.0691
-3.0715
-3.0739
-3.0764
-3.0788
-3.0812
-3.0836
-3.0860
-3.0884
-3.0908
-3.0932
-3.0956
-3.0980
-3.1004
-3.1028
-3.1052
-3.1076
-3.1100
-3.1124
-3.1148
-3.1172
-3.1196
-3.1220
-3.1244
-3.1268
-3.1292
-3.1316
-3.1340
-3.1364
-3.1388
-3.1412
-3.1436
-3.1460
-3.1484
-3.1508
-3.1532
-3.1556
-3.1580
-3.1604
-3.1627
-3.1651
-3.1675
-3.1699
-3.1723
-3.1747
-3.1771
-3.1795
-3.1818
-3.1842
-3.1866
-3.1890
-3.1914
-3.1938
-3.1961
-3.1985
-3.2009
-3.2033
-3.2057
-3.2080
-3.2104
-3.2128
-3.2152
-3.2176
-3.2199
-3.2223
-3.2247
-3.2271
-3.2294
-3.2318
-3.2342
-3.2365
-3.2389
-3.2413
-3.2437
-3.2460
-3.2484
-3.2508
-3.2531
-3.2555
-3.2579
-3.2602
-3.2626
-3.2650
-3.2673
-3.2697
-3.2721
-3.2744
-3.2768
-3.2792
-3.2815
-3.2839
-3.2862
-3.2886
-3.2910
-3.2933
-3.2957
-3.2980
-3.3004
-3.3027
-3.3051
-3.3075
-3.3098
-3.3122
-3.3145
-3.3169
-3.3192
-3.3216
-3.3239
-3.3263
-3.3286
-3.3310
-3.3333
-3.3357
-3.3380
-3.3404
-3.3427
-3.3451
-3.3474
-3.3498
-3.3521
-3.3545
-3.3568
-3.3591
-3.3615
-3.3638
-3.3662
-3.3685
-3.3709
-3.3732
-3.3755
-3.3779
-3.3802
-3.3826
-3.3849
-3.3872
-3.3896
-3.3919
-3.3942
-3.3966
-3.3989
-3.4012
-3.4036
-3.4059
-3.4082
-3.4106
-3.4129
-3.4152
-3.4176
-3.4199
-3.4222
-3.4246
-3.4269
-3.4292
-3.4315
-3.4339
-3.4362
-3.4385
-3.4408
-3.4432
-3.4455
-3.4478
-3.4501
-3.4525
-3.4548
-3.4571
-3.4594
-3.4617
-3.4641
-3.4664
-3.4687
-3.4710
-3.4733
-3.4757
-3.4780
-3.4803
-3.4826
-3.4849
-3.4872
-3.4896
-3.4919
-3.4942
-3.4965
-3.4988
-3.5011
-3.5034
-3.5057
-3.5080
-3.5104
-3.5127
-3.5150
-3.5173
-3.5196
-3.5219
-3.5242
-3.5265
-3.5288
-3.5311
-3.5334
-3.5357
-3.5380
-3.5403
-3.5426
-3.5449
-3.5472
-3.5495
-3.5518
-3.5541
-3.5564
-3.5587
-3.5610
-3.5633
-3.5656
-3.5679
-3.5702
-3.5725
-3.5748
-3.5771
-3.5794
-3.5817
-3.5840
-3.5863
-3.5886
-3.5909
-3.5932
-3.5954
-3.5977
-3.6000
-3.6023
-3.6046
-3.6069
-3.6092
-3.6115
-3.6138
-3.6160
-3.6183
-3.6206
-3.6229
-3.6252
-3.6275
-3.6297
-3.6320
-3.6343
-3.6366
-3.6389
-3.6412
-3.6434
-3.6457
-3.6480
-3.6503
-3.6526
-3.6548
-3.6571
-3.6594
-3.6617
-3.6639
-3.6662
-3.6685
-3.6708
-3.6730
-3.6753
-3.6776
-3.6799
-3.6821
-3.6844
-3.6867
-3.6889
-3.6912
-3.6935
-3.6957
-3.6980
-3.7003
-3.7025
-3.7048
-3.7071
-3.7093
-3.7116
-3.7139
-3.7161
-3.7184
-3.7207
-3.7229
-3.7252
-3.7275
-3.7297
-3.7320
-3.7342
-3.7365
-3.7388
-3.7410
-3.7433
-3.7455
-3.7478
-3.7500
-3.7523
-3.7546
-3.7568
-3.7591
-3.7613
-3.7636
-3.7658
-3.7681
-3.7703
-3.7726
-3.7748
-3.7771
-3.7793
-3.7816
-3.7838
-3.7861
-3.7883
-3.7906
-3.7928
-3.7951
-3.7973
-3.7996
-3.8018
-3.8041
-3.8063
-3.8086
-3.8108
-3.8131
-3.8153
-3.8175
-3.8198
-3.8220
-3.8243
-3.8265
-3.8288
-3.8310
-3.8332
-3.8355
-3.8377
-3.8399
-3.8422
-3.8444
-3.8467
-3.8489
-3.8511
-3.8534
-3.8556
-3.8578
-3.8601
-3.8623
-3.8645
-3.8668
-3.8690
-3.8712
-3.8735
-3.8757
-3.8779
-3.8802
-3.8824
-3.8846
-3.8868
-3.8891
-3.8913
-3.8935
-3.8958
-3.8980
-3.9002
-3.9024
-3.9047
-3.9069
-3.9091
-3.9113
-3.9136
-3.9158
-3.9180
-3.9202
-3.9224
-3.9247
-3.9269
-3.9291
-3.9313
-3.9335
-3.9358
-3.9380
-3.9402
-3.9424
-3.9446
-3.9468
-3.9491
-3.9513
-3.9535
-3.9557
-3.9579
-3.9601
-3.9623
-3.9646
-3.9668
-3.9690
-3.9712
-3.9734
-3.9756
-3.9778
-3.9800
-3.9822
-3.9844
-3.9867
-3.9889
-3.9911
-3.9933
-3.9955
-3.9977
-3.9999
-4.0021
-4.0043
-4.0065
-4.0087
-4.0109
-4.0131
-4.0153
-4.0175
-4.0197
-4.0218
-4.0228
-4.0237
-4.0247
-4.0257
-4.0267
-4.0277
-4.0287
-4.0297
-4.0306
-4.0316
-4.0326
-4.0336
-4.0346
-4.0356
-4.0366
-4.0375
-4.0385
-4.0395
-4.0405
-4.0415
-4.0425
-4.0435
-4.0444
-4.0454
-4.0464
-4.0474
-4.0484
-4.0494
-4.0504
-4.0513
-4.0523
-4.0533
-4.0543
-4.0553
-4.0563
-4.0573
-4.0582
-4.0592
-4.0602
-4.0612
-4.0622
-4.0632
-4.0642
-4.0652
-4.0661
-4.0671
-4.0681
-4.0691
-4.0701
-4.0711
-4.0721
-4.0730
-4.0740
-4.0750
-4.0760
-4.0770
-4.0780
-4.0790
-4.0800
-4.0809
-4.0819
-4.0829
-4.0839
-4.0849
-4.0859
-4.0869
-4.0878
-4.0888
-4.0898
-4.0908
-4.0918
-4.0928
-4.0938
-4.0948
-4.0957
-4.0967
-4.0977
-4.0987
-4.0997
-4.1007
-4.1017
-4.1027
-4.1036
-4.1046
-4.1056
-4.1066
-4.1076
-4.1086
-4.1096
-4.1106
-4.1115
-4.1125
-4.1135
-4.1145
-4.1155
-4.1165
-4.1175
-4.1185
-4.1195
-4.1204
-4.1214
-4.1224
-4.1234
-4.1244
-4.1254
-4.1264
-4.1274
-4.1283
-4.1293
-4.1303
-4.1313
-4.1323
-4.1333
-4.1343
-4.1353
-4.1363
-4.1372
-4.1382
-4.1392
-4.1402
-4.1412
-4.1422
-4.1432
-4.1442
-4.1452
-4.1461
-4.1471
-4.1481
-4.1491
-4.1501
-4.1511
-4.1521
-4.1531
-4.1541
-4.1550
-4.1560
-4.1570
-4.1580
-4.1590
-4.1600
-4.1610
-4.1620
-4.1630
-4.1639
-4.1649
-4.1659
-4.1669
-4.1679
-4.1689
-4.1699
-4.1709
-4.1719
-4.1729
-4.1738
-4.1748
-4.1758
-4.1768
-4.1778
-4.1788
-4.1798
-4.1808
-4.1818
-4.1828
-4.1837
-4.1847
-4.1857
-4.1867
-4.1877
-4.1887
-4.1897
-4.1907
-4.1917
-4.1927
-4.1936
-4.1946
-4.1956
-4.1966
-4.1976
-4.1986
-4.1996
-4.2006
-4.2016
-4.2026
-4.2035
-4.2045
-4.2055
-4.2065
-4.2075
-4.2085
-4.2095
-4.2105
-4.2115
-4.2125
-4.2135
-4.2144
-4.2154
-4.2164
-4.2174
-4.2184
-4.2194
-4.2204
-4.2214
-4.2224
-4.2234
-4.2244
-4.2253
-4.2263
-4.2273
-4.2283
-4.2293
-4.2303
-4.2313
-4.2323
-4.2333
-4.2343
-4.2353
-4.2363
-4.2372
-4.2382
-4.2392
-4.2402
-4.2412
-4.2422
-4.2432
-4.2442
-4.2452
-4.2462
-4.2472
-4.2482
-4.2491
-4.2501
-4.2511
-4.2521
-4.2531
-4.2541
-4.2551
-4.2561
-4.2571
-4.2581
-4.2591
-4.2601
-4.2611
-4.2620
-4.2630
-4.2640
-4.2650
-4.2660
-4.2670
-4.2680
-4.2690
-4.2700
-4.2710
-4.2720
-4.2730
-4.2740
-4.2749
-4.2759
-4.2769
-4.2779
-4.2789
-4.2799
-4.2809
-4.2819
-4.2829
-4.2839
-4.2849
-4.2859
-4.2869
-4.2879
-4.2889
-4.2898
-4.2908
-4.2918
-4.2928
-4.2938
-4.2948
-4.2958
-4.2968
-4.2978
-4.2988
-4.2998
-4.3008
-4.3018
-4.3028
-4.3038
-4.3047
-4.3057
-4.3067
-4.3077
-4.3087
-4.3097
-4.3107
-4.3117
-4.3127
-4.3137
-4.3147
-4.3157
-4.3167
-4.3177
-4.3187
-4.3197
-4.3206
-4.3216
-4.3226
-4.3236
-4.3246
-4.3256
-4.3266
-4.3276
-4.3286
-4.3296
-4.3306
-4.3316
-4.3326
-4.3336
-4.3346
-4.3356
-4.3366
-4.3376
-4.3385
-4.3395
-4.3405
-4.3415
-4.3425
-4.3435
-4.3445
-4.3455
-4.3465
-4.3475
-4.3485
-4.3495
-4.3505
-4.3515
-4.3525
-4.3535
-4.3545
-4.3555
-4.3565
-4.3575
-4.3584
-4.3594
-4.3604
-4.3614
-4.3624
-4.3634
-4.3644
-4.3654
-4.3664
-4.3674
-4.3684
-4.3694
-4.3704
-4.3714
-4.3724
-4.3734
-4.3744
-4.3754
-4.3764
-4.3774
-4.3784
-4.3794
-4.3803
-4.3813
-4.3823
-4.3833
-4.3843
-4.3853
-4.3863
-4.3873
-4.3883
-4.3893
-4.3903
-4.3913
-4.3923
-4.3933
-4.3943
-4.3953
-4.3963
-4.3973
-4.3983
-4.3993
-4.4003
-4.4013
-4.4023
-4.4033
-4.4043
-4.4053
-4.4063
-4.4072
-4.4082
-4.4092
-4.4102
-4.4112
-4.4122
-4.4132
-4.4142
-4.4152
-4.4162
-4.4172
-4.4182
-4.4192
-4.4202
-4.4212
-4.4222
-4.4232
-4.4242
-4.4252
-4.4262
-4.4272
-4.4282
-4.4292
-4.4302
-4.4312
-4.4322
-4.4332
-4.4342
-4.4352
-4.4362
-4.4372
-4.4382
-4.4392
-4.4402
-4.4412
-4.4422
-4.4432
-4.4441
-4.4451
-4.4461
-4.4471
-4.4481
-4.4491
-4.4501
-4.4511
-4.4521
-4.4531
-4.4541
-4.4551
-4.4561
-4.4571
-4.4581
-4.4591
-4.4601
-4.4611
-4.4621
-4.4631
-4.4641
-4.4651
-4.4661
-4.4671
-4.4681
-4.4691
-4.4701
-4.4711
-4.4721
-4.4731
-4.4741
-4.4751
-4.4761
-4.4771
-4.4781
-4.4791
-4.4801
-4.4811
-4.4821
-4.4831
-4.4841
-4.4851
-4.4861
-4.4871
-4.4881
-4.4891
-4.4901
-4.4911
-4.4921
-4.4931
-4.4941
-4.4951
-4.4961
-4.4971
-4.4981
-4.4991
-4.5001
-4.5011
-4.5017
-4.5021
-4.5024
-4.5027
-4.5031
-4.5034
-4.5038
-4.5041
-4.5045
-4.5048
-4.5051
-4.5055
-4.5058
-4.5062
-4.5065
-4.5069
-4.5072
-4.5075
-4.5079
-4.5082
-4.5086
-4.5089
-4.5093
-4.5096
-4.5099
-4.5103
-4.5106
-4.5110
-4.5113
-4.5116
-4.5120
-4.5123
-4.5127
-4.5130
-4.5134
-4.5137
-4.5140
-4.5144
-4.5147
-4.5151
-4.5154
-4.5158
-4.5161
-4.5164
-4.5168
-4.5171
-4.5175
-4.5178
-4.5181
-4.5185
-4.5188
-4.5192
-4.5195
-4.5199
-4.5202
-4.5205
-4.5209
-4.5212
-4.5216
-4.5219
-4.5223
-4.5226
-4.5229
-4.5233
-4.5236
-4.5240
-4.5243
-4.5247
-4.5250
-4.5253
-4.5257
-4.5260
-4.5264
-4.5267
-4.5270
-4.5274
-4.5277
-4.5281
-4.5284
-4.5288
-4.5291
-4.5294
-4.5298
-4.5301
-4.5305
-4.5308
-4.5312
-4.5315
-4.5318
-4.5322
-4.5325
-4.5329
-4.5332
-4.5336
-4.5339
-4.5342
-4.5346
-4.5349
-4.5353
-4.5356
-4.5359
-4.5363
-4.5366
-4.5370
-4.5373
-4.5377
-4.5380
-4.5383
-4.5387
-4.5390
-4.5394
-4.5397
-4.5401
-4.5404
-4.5407
-4.5411
-4.5414
-4.5418
-4.5421
-4.5424
-4.5428
-4.5431
-4.5435
-4.5438
-4.5442
-4.5445
-4.5448
-4.5452
-4.5455
-4.5459
-4.5462
-4.5466
-4.5469
-4.5472
-4.5476
-4.5479
-4.5483
-4.5486
-4.5490
-4.5493
-4.5496
-4.5500
-4.5503
-4.5507
-4.5510
-4.5513
-4.5517
-4.5520
-4.5524
-4.5527
-4.5531
-4.5534
-4.5537
-4.5541
-4.5544
-4.5548
-4.5551
-4.5555
-4.5558
-4.5561
-4.5565
-4.5568
-4.5572
-4.5575
-4.5578
-4.5582
-4.5585
-4.5589
-4.5592
-4.5596
-4.5599
-4.5602
-4.5606
-4.5609
-4.5613
-4.5616
-4.5620
-4.5623
-4.5626
-4.5630
-4.5633
-4.5637
-4.5640
-4.5644
-4.5647
-4.5650
-4.5654
-4.5657
-4.5661
-4.5664
-4.5667
-4.5671
-4.5674
-4.5678
-4.5681
-4.5685
-4.5688
-4.5691
-4.5695
-4.5698
-4.5702
-4.5705
-4.5709
-4.5712
-4.5715
-4.5719
-4.5722
-4.5726
-4.5729
-4.5733
-4.5736
-4.5739
-4.5743
-4.5746
-4.5750
-4.5753
-4.5756
-4.5760
-4.5763
-4.5767
-4.5770
-4.5774
-4.5777
-4.5780
-4.5784
-4.5787
-4.5791
-4.5794
-4.5798
-4.5801
-4.5804
-4.5808
-4.5811
-4.5815
-4.5818
-4.5821
-4.5825
-4.5828
-4.5832
-4.5835
-4.5839
-4.5842
-4.5845
-4.5849
-4.5852
-4.5856
-4.5859
-4.5863
-4.5866
-4.5869
-4.5873
-4.5876
-4.5880
-4.5883
-4.5887
-4.5890
-4.5893
-4.5897
-4.5900
-4.5904
-4.5907
-4.5910
-4.5914
-4.5917
-4.5921
-4.5924
-4.5928
-4.5931
-4.5934
-4.5938
-4.5941
-4.5945
-4.5948
-4.5952
-4.5955
-4.5958
-4.5962
-4.5965
-4.5969
-4.5972
-4.5975
-4.5979
-4.5982
-4.5986
-4.5989
-4.5993
-4.5996
-4.5999
-4.6003
-4.6006
-4.6010
-4.6013
-4.6017
-4.6020
-4.6023
-4.6027
-4.6030
-4.6034
-4.6037
-4.6041
-4.6044
-4.6047
-4.6051
-4.6054
-4.6058
-4.6061
-4.6064
-4.6068
-4.6071
-4.6075
-4.6078
-4.6082
-4.6085
-4.6088
-4.6092
-4.6095
-4.6099
-4.6102
-4.6106
-4.6109
-4.6112
-4.6116
-4.6119
-4.6123
-4.6126
-4.6129
-4.6133
-4.6136
-4.6140
-4.6143
-4.6147
-4.6150
-4.6153
-4.6157
-4.6160
-4.6164
-4.6167
-4.6171
-4.6174
-4.6177
-4.6181
-4.6184
-4.6188
-4.6191
-4.6195
-4.6198
-4.6201
-4.6205
-4.6208
-4.6212
-4.6215
-4.6218
-4.6222
-4.6225
-4.6229
-4.6232
-4.6236
-4.6239
-4.6242
-4.6246
-4.6249
-4.6253
-4.6256
-4.6260
-4.6263
-4.6266
-4.6270
-4.6273
-4.6277
-4.6280
-4.6284
-4.6287
-4.6290
-4.6294
-4.6297
-4.6301
-4.6304
-4.6307
-4.6311
-4.6314
-4.6318
-4.6321
-4.6325
-4.6328
-4.6331
-4.6335
-4.6338
-4.6342
-4.6345
-4.6349
-4.6352
-4.6355
-4.6359
-4.6362
-4.6366
-4.6369
-4.6372
-4.6376
-4.6379
-4.6383
-4.6386
-4.6390
-4.6393
-4.6396
-4.6400
-4.6403
-4.6407
-4.6410
-4.6414
-4.6417
-4.6420
-4.6424
-4.6427
-4.6431
-4.6434
-4.6438
-4.6441
-4.6444
-4.6448
-4.6451
-4.6455
-4.6458
-4.6461
-4.6465
-4.6468
-4.6472
-4.6475
-4.6479
-4.6482
-4.6485
-4.6489
-4.6492
-4.6496
-4.6499
-4.6503
-4.6506
-4.6509
-4.6513
-4.6516
-4.6520
-4.6523
-4.6526
-4.6530
-4.6533
-4.6537
-4.6540
-4.6544
-4.6547
-4.6550
-4.6554
-4.6557
-4.6561
-4.6564
-4.6568
-4.6571
-4.6574
-4.6578
-4.6581
-4.6585
-4.6588
-4.6592
-4.6595
-4.6598
-4.6602
-4.6605
-4.6609
-4.6612
-4.6615
-4.6619
-4.6622
-4.6626
-4.6629
-4.6633
-4.6636
-4.6639
-4.6643
-4.6646
-4.6650
-4.6653
-4.6657
-4.6660
-4.6663
-4.6667
-4.6670
-4.6674
-4.6677
-4.6681
-4.6684
-4.6687
-4.6691
-4.6694
-4.6698
-4.6701
-4.6704
-4.6708
-4.6711
-4.6715
-4.6718
-4.6722
-4.6725
-4.6728
-4.6732
-4.6735
-4.6739
-4.6742
-4.6746
-4.6749
-4.6752
-4.6756
-4.6759
-4.6763
-4.6766
-4.6769
-4.6773
-4.6776
-4.6780
-4.6783
-4.6787
-4.6790
-4.6793
-4.6797
-4.6800
-4.6804
-4.6807
-4.6811
-4.6814
-4.6817
-4.6821
-4.6824
-4.6828
-4.6831
-4.6835
-4.6838
-4.6841
-4.6845
-4.6848
-4.6852
-4.6855
-4.6858
-4.6862
-4.6865
-4.6869
-4.6872
-4.6876
-4.6879
-4.6882
-4.6886
-4.6889
-4.6893
-4.6896
-4.6900
-4.6903
-4.6906
-4.6910
-4.6913
-4.6917
-4.6920
-4.6923
-4.6927
-4.6930
-4.6934
-4.6937
-4.6941
-4.6944
-4.6947
-4.6951
-4.6954
-4.6958
-4.6961
-4.6965
-4.6968
-4.6971
-4.6975
-4.6978
-4.6982
-4.6985
-4.6989
-4.6992
-4.6995
-4.6999
-4.7002
-4.7006
-4.7009
-4.7012
-4.7016
-4.7019
-4.7023
-4.7026
-4.7030
-4.7033
-4.7036
-4.7040
-4.7043
-4.7047
-4.7050
-4.7054
-4.7057
-4.7060
-4.7063
-4.7064
-4.7065
-4.7066
-4.7067
-4.7067
-4.7068
-4.7069
-4.7070
-4.7071
-4.7072
-4.7072
-4.7073
-4.7074
-4.7075
-4.7076
-4.7077
-4.7078
-4.7078
-4.7079
-4.7080
-4.7081
-4.7082
-4.7083
-4.7083
-4.7084
-4.7085
-4.7086
-4.7087
-4.7088
-4.7088
-4.7089
-4.7090
-4.7091
-4.7092
-4.7093
-4.7094
-4.7094
-4.7095
-4.7096
-4.7097
-4.7098
-4.7099
-4.7099
-4.7100
-4.7101
-4.7102
-4.7103
-4.7104
-4.7104
-4.7105
-4.7106
-4.7107
-4.7108
-4.7109
-4.7110
-4.7110
-4.7111
-4.7112
-4.7113
-4.7114
-4.7115
-4.7115
-4.7116
-4.7117
-4.7118
-4.7119
-4.7120
-4.7120
-4.7121
-4.7122
-4.7123
-4.7124
-4.7125
-4.7126
-4.7126
-4.7127
-4.7128
-4.7129
-4.7130
-4.7131
-4.7131
-4.7132
-4.7133
-4.7134
-4.7135
-4.7136
-4.7136
-4.7137
-4.7138
-4.7139
-4.7140
-4.7141
-4.7142
-4.7142
-4.7143
-4.7144
-4.7145
-4.7146
-4.7147
-4.7147
-4.7148
-4.7149
-4.7150
-4.7151
-4.7152
-4.7153
-4.7153
-4.7154
-4.7155
-4.7156
-4.7157
-4.7158
-4.7158
-4.7159
-4.7160
-4.7161
-4.7162
-4.7163
-4.7163
-4.7164
-4.7165
-4.7166
-4.7167
-4.7168
-4.7169
-4.7169
-4.7170
-4.7171
-4.7172
-4.7173
-4.7174
-4.7174
-4.7175
-4.7176
-4.7177
-4.7178
-4.7179
-4.7179
-4.7180
-4.7181
-4.7182
-4.7183
-4.7184
-4.7185
-4.7185
-4.7186
-4.7187
-4.7188
-4.7189
-4.7190
-4.7190
-4.7191
-4.7192
-4.7193
-4.7194
-4.7195
-4.7195
-4.7196
-4.7197
-4.7198
-4.7199
-4.7200
-4.7201
-4.7201
-4.7202
-4.7203
-4.7204
-4.7205
-4.7206
-4.7206
-4.7207
-4.7208
-4.7209
-4.7210
-4.7211
-4.7211
-4.7212
-4.7213
-4.7214
-4.7215
-4.7216
-4.7217
-4.7217
-4.7218
-4.7219
-4.7220
-4.7221
-4.7222
-4.7222
-4.7223
-4.7224
-4.7225
-4.7226
-4.7227
-4.7227
-4.7228
-4.7229
-4.7230
-4.7231
-4.7232
-4.7233
-4.7233
-4.7234
-4.7235
-4.7236
-4.7237
-4.7238
-4.7238
-4.7239
-4.7240
-4.7241
-4.7242
-4.7243
-4.7243
-4.7244
-4.7245
-4.7246
-4.7247
-4.7248
-4.7249
-4.7249
-4.7250
-4.7251
-4.7252
-4.7253
-4.7254
-4.7254
-4.7255
-4.7256
-4.7257
-4.7258
-4.7259
-4.7259
-4.7260
-4.7261
-4.7262
-4.7263
-4.7264
-4.7265
-4.7265
-4.7266
-4.7267
-4.7268
-4.7269
-4.7270
-4.7270
-4.7271
-4.7272
-4.7273
-4.7274
-4.7275
-4.7275
-4.7276
-4.7277
-4.7278
-4.7279
-4.7280
-4.7281
-4.7281
-4.7282
-4.7283
-4.7284
-4.7285
-4.7286
-4.7286
-4.7287
-4.7288
-4.7289
-4.7290
-4.7291
-4.7292
-4.7292
-4.7293
-4.7294
-4.7295
-4.7296
-4.7297
-4.7297
-4.7298
-4.7299
-4.7300
-4.7301
-4.7302
-4.7302
-4.7303
-4.7304
-4.7305
-4.7306
-4.7307
-4.7308
-4.7308
-4.7309
-4.7310
-4.7311
-4.7312
-4.7313
-4.7313
-4.7314
-4.7315
-4.7316
-4.7317
-4.7318
-4.7318
-4.7319
-4.7320
-4.7321
-4.7322
-4.7323
-4.7324
-4.7324
-4.7325
-4.7326
-4.7327
-4.7328
-4.7329
-4.7329
-4.7330
-4.7331
-4.7332
-4.7333
-4.7334
-4.7334
-4.7335
-4.7336
-4.7337
-4.7338
-4.7339
-4.7340
-4.7340
-4.7341
-4.7342
-4.7343
-4.7344
-4.7345
-4.7345
-4.7346
-4.7347
-4.7348
-4.7349
-4.7350
-4.7350
-4.7351
-4.7352
-4.7353
-4.7354
-4.7355
-4.7356
-4.7356
-4.7357
-4.7358
-4.7359
-4.7360
-4.7361
-4.7361
-4.7362
-4.7363
-4.7364
-4.7365
-4.7366
-4.7366
-4.7367
-4.7368
-4.7369
-4.7370
-4.7371
-4.7372
-4.7372
-4.7373
-4.7374
-4.7375
-4.7376
-4.7377
-4.7377
-4.7378
-4.7379
-4.7380
-4.7381
-4.7382
-4.7382
-4.7383
-4.7384
-4.7385
-4.7386
-4.7387
-4.7388
-4.7388
-4.7389
-4.7390
-4.7391
-4.7392
-4.7393
-4.7393
-4.7394
-4.7395
-4.7396
-4.7397
-4.7398
-4.7398
-4.7399
-4.7400
-4.7401
-4.7402
-4.7403
-4.7404
-4.7404
-4.7405
-4.7406
-4.7407
-4.7408
-4.7409
-4.7409
-4.7410
-4.7411
-4.7412
-4.7413
-4.7414
-4.7414
-4.7415
-4.7416
-4.7417
-4.7418
-4.7419
-4.7420
-4.7420
-4.7421
-4.7422
-4.7423
-4.7424
-4.7425
-4.7425
-4.7426
-4.7427
-4.7428
-4.7429
-4.7430
-4.7431
-4.7431
-4.7432
-4.7433
-4.7434
-4.7435
-4.7436
-4.7436
-4.7437
-4.7438
-4.7439
-4.7440
-4.7441
-4.7441
-4.7442
-4.7443
-4.7444
-4.7445
-4.7446
-4.7447
-4.7447
-4.7448
-4.7449
-4.7450
-4.7451
-4.7452
-4.7452
-4.7453
-4.7454
-4.7455
-4.7456
-4.7457
-4.7457
-4.7458
-4.7459
-4.7460
-4.7461
-4.7462
-4.7463
-4.7463
-4.7464
-4.7465
-4.7466
-4.7467
-4.7468
-4.7468
-4.7469
-4.7470
-4.7471
-4.7472
-4.7473
-4.7473
-4.7474
-4.7475
-4.7476
-4.7477
-4.7478
-4.7479
-4.7479
-4.7480
-4.7481
-4.7482
-4.7483
-4.7484
-4.7484
-4.7485
-4.7486
-4.7487
-4.7488
-4.7489
-4.7489
-4.7490
-4.7491
-4.7492
-4.7493
-4.7494
-4.7495
-4.7495
-4.7496
-4.7497
-4.7498
-4.7499
-4.7500
-4.7500
-4.7501
-4.7502
-4.7503
-4.7504
-4.7505
-4.7505
-4.7506
-4.7507
-4.7508
-4.7509
-4.7510
-4.7511
-4.7511
-4.7512
-4.7513
-4.7514
-4.7515
-4.7516
-4.7516
-4.7517
-4.7518
-4.7519
-4.7520
-4.7521
-4.7521
-4.7522
-4.7523
-4.7524
-4.7525
-4.7526
-4.7527
-4.7527
-4.7528
-4.7529
-4.7530
-4.7531
-4.7532
-4.7532
-4.7533
-4.7534
-4.7535
-4.7536
-4.7537
-4.7537
-4.7538
-4.7539
-4.7540
-4.7541
-4.7542
-4.7543
-4.7543
-4.7544
-4.7545
-4.7546
-4.7547
-4.7548
-4.7548
-4.7549
-4.7550
-4.7551
-4.7552
-4.7553
-4.7553
-4.7554
-4.7555
-4.7556
-4.7557
-4.7558
-4.7559
-4.7559
-4.7560
-4.7561
-4.7562
-4.7563
-4.7564
-4.7564
-4.7565
-4.7566
-4.7567
-4.7568
-4.7569
-4.7570
-4.7570
-4.7571
-4.7572
-4.7573
-4.7574
-4.7575
-4.7575
-4.7576
-4.7577
-4.7578
-4.7579
-4.7580
-4.7580
-4.7581
-4.7582
-4.7583
-4.7584
-4.7585
-4.7586
-4.7586
-4.7587
-4.7588
-4.7589
-4.7590
-4.7591
-4.7591
-4.7592
-4.7593
-4.7594
-4.7595
-4.7596
-4.7596
-4.7597
-4.7598
-4.7599
-4.7600
-4.7601
-4.7602
-4.7602
-4.7603
-4.7604
-4.7605
-4.7606
-4.7607
-4.7607
-4.7608
-4.7609
-4.7610
-4.7611
-4.7612
-4.7612
-4.7613
-4.7614
-4.7615
-4.7616
-4.7617
-4.7618
-4.7618
-4.7619
-4.7620
-4.7621
-4.7622
-4.7623
-4.7623
-4.7624
-4.7625
-4.7626
-4.7627
-4.7628
-4.7628
-4.7629
-4.7630
-4.7631
-4.7632
-4.7633
-4.7634
-4.7634
-4.7635
-4.7636
-4.7637
-4.7638
-4.7639
-4.7639
-4.7640
-4.7641
-4.7642
-4.7643
-4.7644
-4.7644
-4.7645
-4.7646
-4.7647
-4.7648
-4.7649
-4.7650
-4.7650
-4.7651
-4.7652
-4.7653
-4.7654
-4.7655
-4.7655
-4.7656
-4.7657
-4.7658
-4.7659
-4.7660
-4.7660
-4.7661
-4.7662
-4.7663
-4.7664
-4.7665
-4.7666
-4.7666
-4.7667
-4.7668
-4.7669
-4.7670
-4.7671
-4.7671
-4.7672
-4.7673
-4.7674
-4.7675
-4.7676
-4.7676
-4.7677
-4.7678
-4.7679
-4.7680
-4.7681
-4.7682
-4.7682
-4.7683
-4.7684
-4.7685
-4.7686
-4.7687
-4.7687
-4.7688
-4.7689
-4.7690
-4.7691
-4.7692
-4.7693
-4.7693
-4.7694
-4.7695
-4.7696
-4.7697
-4.7698
-4.7698
-4.7699
-4.7700
-4.7701
-4.7702
-4.7703
-4.7703
-4.7704
-4.7705
-4.7706
-4.7707
-4.7708
-4.7709
-4.7709
-4.7710
-4.7711
-4.7712
-4.7713
-4.7714
-4.7714
-4.7715
-4.7716
-4.7717
-4.7718
-4.7719
-4.7719
-4.7720
-4.7721
-4.7722
-4.7723
-4.7724
-4.7725
-4.7725
-4.7726
-4.7727
-4.7728
-4.7729
-4.7730
-4.7730
-4.7731
-4.7732
-4.7733
-4.7734
-4.7735
-4.7735
-4.7736
-4.7737
-4.7738
-4.7739
-4.7740
-4.7741
-4.7741
-4.7742
-4.7743
-4.7744
-4.7745
-4.7746
-4.7746
-4.7747
-4.7748
-4.7749
-4.7750
-4.7751
-4.7751
-4.7752
-4.7753
-4.7754
-4.7755
-4.7756
-4.7757
-4.7757
-4.7758
-4.7759
-4.7760
-4.7761
-4.7762
-4.7762
-4.7763
-4.7764
-4.7765
-4.7766
-4.7767
-4.7767
-4.7768
-4.7769
-4.7770
-4.7771
-4.7772
-4.7773
-4.7773
-4.7774
-4.7775
-4.7776
-4.7777
-4.7778
-4.7778
-4.7779
-4.7780
-4.7781
-4.7782
-4.7783
-4.7783
-4.7784
-4.7785
-4.7786
-4.7787
-4.7788
-4.7789
-4.7789
-4.7790
-4.7791
-4.7792
-4.7793
-4.7794
-4.7794
-4.7795
-4.7796
-4.7797
-4.7798
-4.7799
-4.7799
-4.7800
-4.7801
-4.7802
-4.7803
-4.7804
-4.7805
-4.7805
-4.7806
-4.7807
-4.7808
-4.7809
-4.7810
-4.7810
-4.7811
-4.7812
-4.7813
-4.7814
-4.7815
-4.7815
-4.7816
-4.7817
-4.7818
-4.7819
-4.7820
-4.7821
-4.7821
-4.7822
-4.7823
-4.7824
-4.7825
-4.7826
-4.7826
-4.7827
-4.7828
-4.7829
-4.7830
-4.7831
-4.7832
-4.7832
-4.7833
-4.7834
-4.7835
-4.7836
-4.7837
-4.7837
-4.7838
-4.7839
-4.7840
-4.7841
-4.7842
-4.7842
-4.7843
-4.7844
-4.7845
-4.7846
-4.7847
-4.7848
-4.7848
-4.7849
-4.7850
-4.7851
-4.7852
-4.7853
-4.7853
-4.7854
-4.7855
-4.7856
-4.7857
-4.7858
-4.7858
-4.7859
-4.7860
-4.7861
-4.7862
-4.7863
-4.7864
-4.7864
-4.7865
-4.7866
-4.7867
-4.7868
-4.7869
-4.7869
-4.7870
-4.7871
-4.7872
-4.7873
-4.7874
-4.7874
-4.7875
-4.7876
-4.7877
-4.7878
-4.7879
-4.7880
-4.7880
-4.7881
-4.7882
-4.7883
-4.7884
-4.7885
-4.7885
-4.7886
-4.7887
-4.7888
-4.7889
-4.7890
-4.7890
-4.7891
-4.7892
-4.7893
-4.7894
-4.7895
-4.7896
-4.7896
-4.7897
-4.7898
-4.7899
-4.7900
-4.7901
-4.7901
-4.7902
-4.7903
-4.7904
-4.7905
-4.7906
-4.7906
-4.7907
-4.7908
-4.7909
-4.7910
-4.7911
-4.7912
-4.7912
-4.7913
-4.7914
-4.7915
-4.7916
-4.7917
-4.7917
-4.7918
-4.7919
-4.7920
-4.7921
-4.7922
-4.7922
-4.7923
-4.7924
-4.7925
-4.7926
-4.7927
-4.7928
-4.7928
-4.7929
-4.7930
-4.7931
-4.7932
-4.7933
-4.7933
-4.7934
-4.7935
-4.7936
-4.7937
-4.7938
-4.7938
-4.7939
-4.7940
-4.7941
-4.7942
-4.7943
-4.7944
-4.7944
-4.7945
-4.7946
-4.7947
-4.7948
-4.7949
-4.7949
-4.7950
-4.7951
-4.7952
-4.7953
-4.7954
-4.7954
-4.7955
-4.7956
-4.7957
-4.7958
-4.7959
-4.7960
-4.7960
-4.7961
-4.7962
-4.7963
-4.7964
-4.7965
-4.7965
-4.7966
-4.7967
-4.7968
-4.7969
-4.7970
-4.7971
-4.7971
-4.7972
-4.7973
-4.7974
-4.7975
-4.7976
-4.7976
-4.7977
-4.7978
-4.7979
-4.7980
-4.7981
-4.7981
-4.7982
-4.7983
-4.7984
-4.7985
-4.7986
-4.7987
-4.7987
-4.7988
-4.7989
-4.7990
-4.7991
-4.7992
-4.7992
-4.7993
-4.7994
-4.7995
-4.7996
-4.7997
-4.7997
-4.7998
-4.7999
-4.8000
-4.8001
-4.8002
-4.8003
-4.8003
-4.8004
-4.8005
-4.8006
-4.8007
-4.8008
-4.8008
-4.8009
-4.8010
-4.8011
-4.8012
-4.8013
-4.8013
-4.8014
-4.8015
-4.8016
-4.8017
-4.8018
-4.8019
-4.8019
-4.8020
-4.8021
-4.8022
-4.8023
-4.8024
-4.8024
-4.8025
-4.8026
-4.8027
-4.8028
-4.8029
-4.8029
-4.8030
-4.8031
-4.8032
-4.8033
-4.8034
-4.8035
-4.8035
-4.8036
-4.8037
-4.8038
-4.8039
-4.8040
-4.8040
-4.8041
-4.8042
-4.8043
-4.8044
-4.8045
-4.8045
-4.8046
-4.8047
-4.8048
-4.8049
-4.8050
-4.8051
-4.8051
-4.8052
-4.8053
-4.8054
-4.8055
-4.8056
-4.8056
-4.8057
-4.8058
-4.8059
-4.8060
-4.8061
-4.8061
-4.8062
-4.8063
-4.8064
-4.8065
-4.8066
-4.8067
-4.8067
-4.8068
-4.8069
-4.8070
-4.8071
-4.8072
-4.8072
-4.8073
-4.8074
-4.8075
-4.8076
-4.8077
-4.8077
-4.8078
-4.8079
-4.8080
-4.8081
-4.8082
-4.8083
-4.8083
-4.8084
-4.8085
-4.8086
-4.8087
-4.8088
-4.8088
-4.8089
-4.8090
-4.8091
-4.8092
-4.8093
-4.8094
-4.8094
-4.8095
-4.8096
-4.8097
-4.8098
-4.8099
-4.8099
-4.8100
-4.8101
-4.8102
-4.8103
-4.8104
-4.8104
-4.8105
-4.8106
-4.8107
-4.8108
-4.8109
-4.8110
-4.8110
-4.8111
-4.8112
-4.8113
-4.8114
-4.8115
-4.8115
-4.8116
-4.8117
-4.8118
-4.8119
-4.8120
-4.8120
-4.8121
-4.8122
-4.8123
-4.8124
-4.8125
-4.8126
-4.8126
-4.8127
-4.8128
-4.8129
-4.8130
-4.8131
-4.8131
-4.8132
-4.8133
-4.8134
-4.8135
-4.8136
-4.8136
-4.8137
-4.8138
-4.8139
-4.8140
-4.8141
-4.8142
-4.8142
-4.8143
-4.8144
-4.8145
-4.8146
-4.8147
-4.8147
-4.8148
-4.8149
-4.8150
-4.8151
-4.8152
-4.8152
-4.8153
-4.8154
-4.8155
-4.8156
-4.8157
-4.8158
-4.8158
-4.8159
-4.8160
-4.8161
-4.8162
-4.8163
-4.8163
-4.8164
-4.8165
-4.8166
-4.8167
-4.8168
-4.8168
-4.8169
-4.8170
-4.8171
-4.8172
-4.8173
-4.8174
-4.8174
-4.8175
-4.8176
-4.8177
-4.8178
-4.8179
-4.8179
-4.8180
-4.8181
-4.8182
-4.8183
-4.8184
-4.8184
-4.8185
-4.8186
-4.8187
-4.8188
-4.8189
-4.8190
-4.8190
-4.8191
-4.8192
-4.8193
-4.8194
-4.8195
-4.8195
-4.8196
-4.8197
-4.8198
-4.8199
-4.8200
-4.8200
-4.8201
-4.8202
-4.8203
-4.8204
-4.8205
-4.8206
-4.8206
-4.8207
-4.8208
-4.8209
-4.8210
-4.8211
-4.8211
-4.8212
-4.8213
-4.8214
-4.8215
-4.8216
-4.8216
-4.8217
-4.8218
-4.8219
-4.8220
-4.8221
-4.8222
-4.8222
-4.8223
-4.8224
-4.8225
-4.8226
-4.8227
-4.8227
-4.8228
-4.8229
-4.8230
-4.8231
-4.8232
-4.8233
-4.8233
-4.8234
-4.8235
-4.8236
-4.8237
-4.8238
-4.8238
-4.8239
-4.8240
-4.8241
-4.8242
-4.8243
-4.8243
-4.8244
-4.8245
-4.8246
-4.8247
-4.8248
-4.8249
-4.8249
-4.8250
-4.8251
-4.8252
-4.8253
-4.8254
-4.8254
-4.8255
-4.8256
-4.8257
-4.8258
-4.8259
-4.8259
-4.8260
-4.8261
-4.8262
-4.8263
-4.8264
-4.8265
-4.8265
-4.8266
-4.8267
-4.8268
-4.8269
-4.8270
-4.8270
-4.8271
-4.8272
-4.8273
-4.8274
-4.8275
-4.8275
-4.8276
-4.8277
-4.8278
-4.8279
-4.8280
-4.8281
-4.8281
-4.8282
-4.8283
-4.8284
-4.8285
-4.8286
-4.8286
-4.8287
-4.8288
-4.8289
-4.8290
-4.8291
-4.8291
-4.8292
-4.8293
-4.8294
-4.8295
-4.8296
-4.8297
-4.8297
-4.8298
-4.8299
-4.8300
-4.8301
-4.8302
-4.8302
-4.8303
-4.8304
-4.8305
-4.8306
-4.8307
-4.8307
-4.8308
-4.8309
-4.8310
-4.8311
-4.8312
-4.8313
-4.8313
-4.8314
-4.8315
-4.8316
-4.8317
-4.8318
-4.8318
-4.8319
-4.8320
-4.8321
-4.8322
-4.8323
-4.8323
-4.8324
-4.8325
-4.8326
-4.8327
-4.8328
-4.8329
-4.8329
-4.8330
-4.8331
-4.8332
-4.8333
-4.8334
-4.8334
-4.8335
-4.8336
-4.8337
-4.8338
-4.8339
-4.8339
-4.8340
-4.8341
-4.8342
-4.8343
-4.8344
-4.8345
-4.8345
-4.8346
-4.8347
-4.8348
-4.8349
-4.8350
-4.8350
-4.8351
-4.8352
-4.8353
-4.8354
-4.8355
-4.8355
-4.8356
-4.8357
-4.8358
-4.8359
-4.8360
-4.8361
-4.8361
-4.8362
-4.8363
-4.8364
-4.8365
-4.8366
-4.8366
-4.8367
-4.8368
-4.8369
-4.8370
-4.8371
-4.8372
-4.8372
-4.8373
-4.8374
-4.8375
-4.8376
-4.8377
-4.8377
-4.8378
-4.8379
-4.8380
-4.8381
-4.8382
-4.8382
-4.8383
-4.8384
-4.8385
-4.8386
-4.8387
-4.8388
-4.8388
-4.8389
-4.8390
-4.8391
-4.8392
-4.8393
-4.8393
-4.8394
-4.8395
-4.8396
-4.8397
-4.8398
-4.8398
-4.8399
-4.8400
-4.8401
-4.8402
-4.8403
-4.8404
-4.8404
-4.8405
-4.8406
-4.8407
-4.8408
-4.8409
-4.8409
-4.8410
-4.8411
-4.8412
-4.8413
-4.8414
-4.8414
-4.8415
-4.8416
-4.8417
-4.8418
-4.8419
-4.8420
-4.8420
-4.8421
-4.8422
-4.8423
-4.8424
-4.8425
-4.8425
-4.8426
-4.8427
-4.8428
-4.8429
-4.8430
-4.8430
-4.8431
-4.8432
-4.8433
-4.8434
-4.8435
-4.8436
-4.8436
-4.8437
-4.8438
-4.8439
-4.8440
-4.8441
-4.8441
-4.8442
-4.8443
-4.8444
-4.8445
-4.8446
-4.8446
-4.8447
-4.8448
-4.8449
-4.8450
-4.8451
-4.8452
-4.8452
-4.8453
-4.8454
-4.8455
-4.8456
-4.8457
-4.8457
-4.8458
-4.8459
-4.8460
-4.8461
-4.8462
-4.8462
-4.8463
-4.8464
-4.8465
-4.8466
-4.8467
-4.8468
-4.8468
-4.8469
-4.8470
-4.8471
-4.8472
-4.8473
-4.8473
-4.8474
-4.8475
-4.8476
-4.8477
-4.8478
-4.8478
-4.8479
-4.8480
-4.8481
-4.8482
-4.8483
-4.8484
-4.8484
-4.8485
-4.8486
-4.8487
-4.8488
-4.8489
-4.8489
-4.8490
-4.8491
-4.8492
-4.8493
-4.8494
-4.8494
-4.8495
-4.8496
-4.8497
-4.8498
-4.8499
-4.8500
-4.8500
-4.8501
-4.8502
-4.8503
-4.8504
-4.8505
-4.8505
-4.8506
-4.8507
-4.8508
-4.8509
-4.8510
-4.8511
-4.8511
-4.8512
-4.8513
-4.8514
-4.8515
-4.8516
-4.8516
-4.8517
-4.8518
-4.8519
-4.8520
-4.8521
-4.8521
-4.8522
-4.8523
-4.8524
-4.8525
-4.8526
-4.8527
-4.8527
-4.8528
-4.8529
-4.8530
-4.8531
-4.8532
-4.8532
-4.8533
-4.8534
-4.8535
-4.8536
-4.8537
-4.8537
-4.8538
-4.8539
-4.8540
-4.8541
-4.8542
-4.8543
-4.8543
-4.8544
-4.8545
-4.8546
-4.8547
-4.8548
-4.8548
-4.8549
-4.8550
-4.8551
-4.8552
-4.8553
-4.8553
-4.8554
-4.8555
-4.8556
-4.8557
-4.8558
-4.8559
-4.8559
-4.8560
-4.8561
-4.8562
-4.8563
-4.8564
-4.8564
-4.8565
-4.8566
-4.8567
-4.8568
-4.8569
-4.8569
-4.8570
-4.8571
-4.8572
-4.8573
-4.8574
-4.8575
-4.8575
-4.8576
-4.8577
-4.8578
-4.8579
-4.8580
-4.8580
-4.8581
-4.8582
-4.8583
-4.8584
-4.8585
-4.8585
-4.8586
-4.8587
-4.8588
-4.8589
-4.8590
-4.8591
-4.8591
-4.8592
-4.8593
-4.8594
-4.8595
-4.8596
-4.8596
-4.8597
-4.8598
-4.8599
-4.8600
-4.8601
-4.8601
-4.8602
-4.8603
-4.8604
-4.8605
-4.8606
-4.8607
-4.8607
-4.8608
-4.8609
-4.8610
-4.8611
-4.8612
-4.8612
-4.8613
-4.8614
-4.8615
-4.8616
-4.8617
-4.8617
-4.8618
-4.8619
-4.8620
-4.8621
-4.8622
-4.8623
-4.8623
-4.8624
-4.8625
-4.8626
-4.8627
-4.8628
-4.8628
-4.8629
-4.8630
-4.8631
-4.8632
-4.8633
-4.8634
-4.8634
-4.8635
-4.8636
-4.8637
-4.8638
-4.8639
-4.8639
-4.8640
-4.8641
-4.8642
-4.8643
-4.8644
-4.8644
-4.8645
-4.8646
-4.8647
-4.8648
-4.8649
-4.8650
-4.8650
-4.8651
-4.8652
-4.8653
-4.8654
-4.8655
-4.8655
-4.8656
-4.8657
-4.8658
-4.8659
-4.8660
-4.8660
-4.8661
-4.8662
-4.8663
-4.8664
-4.8665
-4.8666
-4.8666
-4.8667
-4.8668
-4.8669
-4.8670
-4.8671
-4.8671
-4.8672
-4.8673
-4.8674
-4.8675
-4.8676
-4.8676
-4.8677
-4.8678
-4.8679
-4.8680
-4.8681
-4.8682
-4.8682
-4.8683
-4.8684
-4.8685
-4.8686
-4.8687
-4.8687
-4.8688
-4.8689
-4.8690
-4.8691
-4.8692
-4.8692
-4.8693
-4.8694
-4.8695
-4.8696
-4.8697
-4.8698
-4.8698
-4.8699
-4.8700
-4.8701
-4.8702
-4.8703
-4.8703
-4.8704
-4.8705
-4.8706
-4.8707
-4.8708
-4.8708
-4.8709
-4.8710
-4.8711
-4.8712
-4.8713
-4.8714
-4.8714
-4.8715
-4.8716
-4.8717
-4.8718
-4.8719
-4.8719
-4.8720
-4.8721
-4.8722
-4.8723
-4.8724
-4.8724
-4.8725
-4.8726
-4.8727
-4.8728
-4.8729
-4.8730
-4.8730
-4.8731
-4.8732
-4.8733
-4.8734
-4.8735
-4.8735
-4.8736
-4.8737
-4.8738
-4.8739
-4.8740
-4.8740
-4.8741
-4.8742
-4.8743
-4.8744
-4.8745
-4.8746
-4.8746
-4.8747
-4.8748
-4.8749
-4.8750
-4.8751
-4.8751
-4.8752
-4.8753
-4.8754
-4.8755
-4.8756
-4.8756
-4.8757
-4.8758
-4.8759
-4.8760
-4.8761
-4.8762
-4.8762
-4.8763
-4.8764
-4.8765
-4.8766
-4.8767
-4.8767
-4.8768
-4.8769
-4.8770
-4.8771
-4.8772
-4.8773
-4.8773
-4.8774
-4.8775
-4.8776
-4.8777
-4.8778
-4.8778
-4.8779
-4.8780
-4.8781
-4.8782
-4.8783
-4.8783
-4.8784
-4.8785
-4.8786
-4.8787
-4.8788
-4.8789
-4.8789
-4.8790
-4.8791
-4.8792
-4.8793
-4.8794
-4.8794
-4.8795
-4.8796
-4.8797
-4.8798
-4.8799
-4.8799
-4.8800
-4.8801
-4.8802
-4.8803
-4.8804
-4.8805
-4.8805
-4.8806
-4.8807
-4.8808
-4.8809
-4.8810
-4.8810
-4.8811
-4.8812
-4.8813
-4.8814
-4.8815
-4.8815
-4.8816
-4.8817
-4.8818
-4.8819
-4.8820
-4.8821
-4.8821
-4.8822
-4.8823
-4.8824
-4.8825
-4.8826
-4.8826
-4.8827
-4.8828
-4.8829
-4.8830
-4.8831
-4.8831
-4.8832
-4.8833
-4.8834
-4.8835
-4.8836
-4.8837
-4.8837
-4.8838
-4.8839
-4.8840
-4.8841
-4.8842
-4.8842
-4.8843
-4.8844
-4.8845
-4.8846
-4.8847
-4.8847
-4.8848
-4.8849
-4.8850
-4.8851
-4.8852
-4.8853
-4.8853
-4.8854
-4.8855
-4.8856
-4.8857
-4.8858
-4.8858
-4.8859
-4.8860
-4.8861
-4.8862
-4.8863
-4.8863
-4.8864
-4.8865
-4.8866
-4.8867
-4.8868
-4.8869
-4.8869
-4.8870
-4.8871
-4.8872
-4.8873
-4.8874
-4.8874
-4.8875
-4.8876
-4.8877
-4.8878
-4.8879
-4.8879
-4.8880
-4.8881
-4.8882
-4.8883
-4.8884
-4.8885
-4.8885
-4.8886
-4.8887
-4.8888
-4.8889
-4.8890
-4.8890
-4.8891
-4.8892
-4.8893
-4.8894
-4.8895
-4.8895
-4.8896
-4.8897
-4.8898
-4.8899
-4.8900
-4.8901
-4.8901
-4.8902
-4.8903
-4.8904
-4.8905
-4.8906
-4.8906
-4.8907
-4.8908
-4.8909
-4.8910
-4.8911
-4.8912
-4.8912
-4.8913
-4.8914
-4.8915
-4.8916
-4.8917
-4.8917
-4.8918
-4.8919
-4.8920
-4.8921
-4.8922
-4.8922
-4.8923
-4.8924
-4.8925
-4.8926
-4.8927
-4.8928
-4.8928
-4.8929
-4.8930
-4.8931
-4.8932
-4.8933
-4.8933
-4.8934
-4.8935
-4.8936
-4.8937
-4.8938
-4.8938
-4.8939
-4.8940
-4.8941
-4.8942
-4.8943
-4.8944
-4.8944
-4.8945
-4.8946
-4.8947
-4.8948
-4.8949
-4.8949
-4.8950
-4.8951
-4.8952
-4.8953
-4.8954
-4.8954
-4.8955
-4.8956
-4.8957
-4.8958
-4.8959
-4.8960
-4.8960
-4.8961
-4.8962
-4.8963
-4.8964
-4.8965
-4.8965
-4.8966
-4.8967
-4.8968
-4.8969
-4.8970
-4.8970
-4.8971
-4.8972
-4.8973
-4.8974
-4.8975
-4.8976
-4.8976
-4.8977
-4.8978
-4.8979
-4.8980
-4.8981
-4.8981
-4.8982
-4.8983
-4.8984
-4.8985
-4.8986
-4.8986
-4.8987
-4.8988
-4.8989
-4.8990
-4.8991
-4.8992
-4.8992
-4.8993
-4.8994
-4.8995
-4.8996
-4.8997
-4.8997
-4.8998
-4.8999
-4.9000
-4.9001
-4.9002
-4.9002
-4.9003
-4.9004
-4.9005
-4.9006
-4.9007
-4.9008
-4.9008
-4.9009
-4.9010
-4.9011
-4.9012
-4.9013
-4.9013
-4.9014
-4.9015
-4.9016
-4.9017
-4.9018
-4.9018
-4.9019
-4.9020
-4.9021
-4.9022
-4.9023
-4.9024
-4.9024
-4.9025
-4.9026
-4.9027
-4.9028
-4.9029
-4.9029
-4.9030
-4.9031
-4.9032
-4.9033
-4.9034
-4.9035
-4.9035
-4.9036
-4.9037
-4.9038
-4.9039
-4.9040
-4.9040
-4.9041
-4.9042
-4.9043
-4.9044
-4.9045
-4.9045
-4.9046
-4.9047
-4.9048
-4.9049
-4.9050
-4.9051
-4.9051
-4.9052
-4.9053
-4.9054
-4.9055
-4.9056
-4.9056
-4.9057
-4.9058
-4.9059
-4.9060
-4.9061
-4.9061
-4.9062
-4.9063
-4.9064
-4.9065
-4.9066
-4.9067
-4.9067
-4.9068
-4.9069
-4.9070
-4.9071
-4.9072
-4.9072
-4.9073
-4.9074
-4.9075
-4.9076
-4.9077
-4.9077
-4.9078
-4.9079
-4.9080
-4.9081
-4.9082
-4.9083
-4.9083
-4.9084
-4.9085
-4.9086
-4.9087
-4.9088
-4.9088
-4.9089
-4.9090
-4.9091
-4.9092
-4.9093
-4.9093
-4.9094
-4.9095
-4.9096
-4.9097
-4.9098
-4.9099
-4.9099
-4.9100
-4.9101
-4.9102
-4.9103
-4.9104
-4.9104
-4.9105
-4.9106
-4.9107
-4.9108
-4.9109
-4.9109
-4.9110
-4.9111
-4.9112
-4.9113
-4.9114
-4.9115
-4.9115
-4.9116
-4.9117
-4.9118
-4.9119
-4.9120
-4.9120
-4.9121
-4.9122
-4.9123
-4.9124
-4.9125
-4.9125
-4.9126
-4.9127
-4.9128
-4.9129
-4.9130
-4.9131
-4.9131
-4.9132
-4.9133
-4.9134
-4.9135
-4.9136
-4.9136
-4.9137
-4.9138
-4.9139
-4.9140
-4.9141
-4.9141
-4.9142
-4.9143
-4.9144
-4.9145
-4.9146
-4.9147
-4.9147
-4.9148
-4.9149
-4.9150
-4.9151
-4.9152
-4.9152
-4.9153
-4.9154
-4.9155
-4.9156
-4.9157
-4.9157
-4.9158
-4.9159
-4.9160
-4.9161
-4.9162
-4.9163
-4.9163
-4.9164
-4.9165
-4.9166
-4.9167
-4.9168
-4.9168
-4.9169
-4.9170
-4.9171
-4.9172
-4.9173
-4.9174
-4.9174
-4.9175
-4.9176
-4.9177
-4.9178
-4.9179
-4.9179
-4.9180
-4.9181
-4.9182
-4.9183
-4.9184
-4.9184
-4.9185
-4.9186
-4.9187
-4.9188
-4.9189
-4.9190
-4.9190
-4.9191
-4.9192
-4.9193
-4.9194
-4.9195
-4.9195
-4.9196
-4.9197
-4.9198
-4.9199
-4.9200
-4.9200
-4.9201
-4.9202
-4.9203
-4.9204
-4.9205
-4.9206
-4.9206
-4.9207
-4.9208
-4.9209
-4.9210
-4.9211
-4.9211
-4.9212
-4.9213
-4.9214
-4.9215
-4.9216
-4.9216
-4.9217
-4.9218
-4.9219
-4.9220
-4.9221
-4.9222
-4.9222
-4.9223
-4.9224
-4.9225
-4.9226
-4.9227
-4.9227
-4.9228
-4.9229
-4.9230
-4.9231
-4.9232
-4.9232
-4.9233
-4.9234
-4.9235
-4.9236
-4.9237
-4.9238
-4.9238
-4.9239
-4.9240
-4.9241
-4.9242
-4.9243
-4.9243
-4.9244
-4.9245
-4.9246
-4.9247
-4.9248
-4.9248
-4.9249
-4.9250
-4.9251
-4.9252
-4.9253
-4.9254
-4.9254
-4.9255
-4.9256
-4.9257
-4.9258
-4.9259
-4.9259
-4.9260
-4.9261
-4.9262
-4.9263
-4.9264
-4.9264
-4.9265
-4.9266
-4.9267
-4.9268
-4.9269
-4.9270
-4.9270
-4.9271
-4.9272
-4.9273
-4.9274
-4.9275
-4.9275
-4.9276
-4.9277
-4.9278
-4.9279
-4.9280
-4.9280
-4.9281
-4.9282
-4.9283
-4.9284
-4.9285
-4.9286
-4.9286
-4.9287
-4.9288
-4.9289
-4.9290
-4.9291
-4.9291
-4.9292
-4.9293
-4.9294
-4.9295
-4.9296
-4.9296
-4.9297
-4.9298
-4.9299
-4.9300
-4.9301
-4.9302
-4.9302
-4.9303
-4.9304
-4.9305
-4.9306
-4.9307
-4.9307
-4.9308
-4.9309
-4.9310
-4.9311
-4.9312
-4.9313
-4.9313
-4.9314
-4.9315
-4.9316
-4.9317
-4.9318
-4.9318
-4.9319
-4.9320
-4.9321
-4.9322
-4.9323
-4.9323
-4.9324
-4.9325
-4.9326
-4.9327
-4.9328
-4.9329
-4.9329
-4.9330
-4.9331
-4.9332
-4.9333
-4.9334
-4.9334
-4.9335
-4.9336
-4.9337
-4.9338
-4.9339
-4.9339
-4.9340
-4.9341
-4.9342
-4.9343
-4.9344
-4.9345
-4.9345
-4.9346
-4.9347
-4.9348
-4.9349
-4.9350
-4.9350
-4.9351
-4.9352
-4.9353
-4.9354
-4.9355
-4.9355
-4.9356
-4.9357
-4.9358
-4.9359
-4.9360
-4.9361
-4.9361
-4.9362
-4.9363
-4.9364
-4.9365
-4.9366
-4.9366
-4.9367
-4.9368
-4.9369
-4.9370
-4.9371
-4.9371
-4.9372
-4.9373
-4.9374
-4.9375
-4.9376
-4.9377
-4.9377
-4.9378
-4.9379
-4.9380
-4.9381
-4.9382
-4.9382
-4.9383
-4.9384
-4.9385
-4.9386
-4.9387
-4.9387
-4.9388
-4.9389
-4.9390
-4.9391
-4.9392
-4.9393
-4.9393
-4.9394
-4.9395
-4.9396
-4.9397
-4.9398
-4.9398
-4.9399
-4.9400
-4.9401
-4.9402
-4.9403
-4.9403
-4.9404
-4.9405
-4.9406
-4.9407
-4.9408
-4.9409
-4.9409
-4.9410
-4.9411
-4.9412
-4.9413
-4.9414
-4.9414
-4.9415
-4.9416
-4.9417
-4.9418
-4.9419
-4.9419
-4.9420
-4.9421
-4.9422
-4.9423
-4.9424
-4.9425
-4.9425
-4.9426
-4.9427
-4.9428
-4.9429
-4.9430
-4.9430
-4.9431
-4.9432
-4.9433
-4.9434
-4.9435
-4.9435
-4.9436
-4.9437
-4.9438
-4.9439
-4.9440
-4.9441
-4.9441
-4.9442
-4.9443
-4.9444
-4.9445
-4.9446
-4.9446
-4.9447
-4.9448
-4.9449
-4.9450
-4.9451
-4.9452
-4.9452
-4.9453
-4.9454
-4.9455
-4.9456
-4.9457
-4.9457
-4.9458
-4.9459
-4.9460
-4.9461
-4.9462
-4.9462
-4.9463
-4.9464
-4.9465
-4.9466
-4.9467
-4.9468
-4.9468
-4.9469
-4.9470
-4.9471
-4.9472
-4.9473
-4.9473
-4.9474
-4.9475
-4.9476
-4.9477
-4.9478
-4.9478
-4.9479
-4.9480
-4.9481
-4.9482
-4.9483
-4.9484
-4.9484
-4.9485
-4.9486
-4.9487
-4.9488
-4.9489
-4.9489
-4.9490
-4.9491
-4.9492
-4.9493
-4.9494
-4.9494
-4.9495
-4.9496
-4.9497
-4.9498
-4.9499
-4.9500
-4.9500
-4.9501
-4.9502
-4.9503
-4.9504
-4.9505
-4.9505
-4.9506
-4.9507
-4.9508
-4.9509
-4.9510
-4.9510
-4.9511
-4.9512
-4.9513
-4.9514
-4.9515
-4.9516
-4.9516
-4.9517
-4.9518
-4.9519
-4.9520
-4.9521
-4.9521
-4.9522
-4.9523
-4.9524
-4.9525
-4.9526
-4.9526
-4.9527
-4.9528
-4.9529
-4.9530
-4.9531
-4.9532
-4.9532
-4.9533
-4.9534
-4.9535
-4.9536
-4.9537
-4.9537
-4.9538
-4.9539
-4.9540
-4.9541
-4.9542
-4.9542
-4.9543
-4.9544
-4.9545
-4.9546
-4.9547
-4.9548
-4.9548
-4.9549
-4.9550
-4.9551
-4.9552
-4.9553
-4.9553
-4.9554
-4.9555
-4.9556
-4.9557
-4.9558
-4.9558
-4.9559
-4.9560
-4.9561
-4.9562
-4.9563
-4.9564
-4.9564
-4.9565
-4.9566
-4.9567
-4.9568
-4.9569
-4.9569
-4.9570
-4.9571
-4.9572
-4.9573
-4.9574
-4.9575
-4.9575
-4.9576
-4.9577
-4.9578
-4.9579
-4.9580
-4.9580
-4.9581
-4.9582
-4.9583
-4.9584
-4.9585
-4.9585
-4.9586
-4.9587
-4.9588
-4.9589
-4.9590
-4.9591
-4.9591
-4.9592
-4.9593
-4.9594
-4.9595
-4.9596
-4.9596
-4.9597
-4.9598
-4.9599
-4.9600
-4.9601
-4.9601
-4.9602
-4.9603
-4.9604
-4.9605
-4.9606
-4.9607
-4.9607
-4.9608
-4.9609
-4.9610
-4.9611
-4.9612
-4.9612
-4.9613
-4.9614
-4.9615
-4.9616
-4.9617
-4.9617
-4.9618
-4.9619
-4.9620
-4.9621
-4.9622
-4.9623
-4.9623
-4.9624
-4.9625
-4.9626
-4.9627
-4.9628
-4.9628
-4.9629
-4.9630
-4.9631
-4.9632
-4.9633
-4.9633
-4.9634
-4.9635
-4.9636
-4.9637
-4.9638
-4.9639
-4.9639
-4.9640
-4.9641
-4.9642
-4.9643
-4.9644
-4.9644
-4.9645
-4.9646
-4.9647
-4.9648
-4.9649
-4.9649
-4.9650
-4.9651
-4.9652
-4.9653
-4.9654
-4.9655
-4.9655
-4.9656
-4.9657
-4.9658
-4.9659
-4.9660
-4.9660
-4.9661
-4.9662
-4.9663
-4.9664
-4.9665
-4.9665
-4.9666
-4.9667
-4.9668
-4.9669
-4.9670
-4.9671
-4.9671
-4.9672
-4.9673
-4.9674
-4.9675
-4.9676
-4.9676
-4.9677
-4.9678
-4.9679
-4.9680
-4.9681
-4.9681
-4.9682
-4.9683
-4.9684
-4.9685
-4.9686
-4.9687
-4.9687
-4.9688
-4.9689
-4.9690
-4.9691
-4.9692
-4.9692
-4.9693
-4.9694
-4.9695
-4.9696
-4.9697
-4.9697
-4.9698
-4.9699
-4.9700
-4.9701
-4.9702
-4.9703
-4.9703
-4.9704
-4.9705
-4.9706
-4.9707
-4.9708
-4.9708
-4.9709
-4.9710
-4.9711
-4.9712
-4.9713
-4.9714
-4.9714
-4.9715
-4.9716
-4.9717
-4.9718
-4.9719
-4.9719
-4.9720
-4.9721
-4.9722
-4.9723
-4.9724
-4.9724
-4.9725
-4.9726
-4.9727
-4.9728
-4.9729
-4.9730
-4.9730
-4.9731
-4.9732
-4.9733
-4.9734
-4.9735
-4.9735
-4.9736
-4.9737
-4.9738
-4.9739
-4.9740
-4.9740
-4.9741
-4.9742
-4.9743
-4.9744
-4.9745
-4.9746
-4.9746
-4.9747
-4.9748
-4.9749
-4.9750
-4.9751
-4.9751
-4.9752
-4.9753
-4.9754
-4.9755
-4.9756
-4.9756
-4.9757
-4.9758
-4.9759
-4.9760
-4.9761
-4.9762
-4.9762
-4.9763
-4.9764
-4.9765
-4.9766
-4.9767
-4.9767
-4.9768
-4.9769
-4.9770
-4.9771
-4.9772
-4.9772
-4.9773
-4.9774
-4.9775
-4.9776
-4.9777
-4.9778
-4.9778
-4.9779
-4.9780
-4.9781
-4.9782
-4.9783
-4.9783
-4.9784
-4.9785
-4.9786
-4.9787
-4.9788
-4.9788
-4.9789
-4.9790
-4.9791
-4.9792
-4.9793
-4.9794
-4.9794
-4.9795
-4.9796
-4.9797
-4.9798
-4.9799
-4.9799
-4.9800
-4.9801
-4.9802
-4.9803
-4.9804
-4.9804
-4.9805
-4.9806
-4.9807
-4.9808
-4.9809
-4.9810
-4.9810
-4.9811
-4.9812
-4.9813
-4.9814
-4.9815
-4.9815
-4.9816
-4.9817
-4.9818
-4.9819
-4.9820
-4.9820
-4.9821
-4.9822
-4.9823
-4.9824
-4.9825
-4.9826
-4.9826
-4.9827
-4.9828
-4.9829
-4.9830
-4.9831
-4.9831
-4.9832
-4.9833
-4.9834
-4.9835
-4.9836
-4.9836
-4.9837
-4.9838
-4.9839
-4.9840
-4.9841
-4.9842
-4.9842
-4.9843
-4.9844
-4.9845
-4.9846
-4.9847
-4.9847
-4.9848
-4.9849
-4.9850
-4.9851
-4.9852
-4.9853
-4.9853
-4.9854
-4.9855
-4.9856
-4.9857
-4.9858
-4.9858
-4.9859
-4.9860
-4.9861
-4.9862
-4.9863
-4.9863
-4.9864
-4.9865
-4.9866
-4.9867
-4.9868
-4.9869
-4.9869
-4.9870
-4.9871
-4.9872
-4.9873
-4.9874
-4.9874
-4.9875
-4.9876
-4.9877
-4.9878
-4.9879
-4.9879
-4.9880
-4.9881
-4.9882
-4.9883
-4.9884
-4.9885
-4.9885
-4.9886
-4.9887
-4.9888
-4.9889
-4.9890
-4.9890
-4.9891
-4.9892
-4.9893
-4.9894
-4.9895
-4.9895
-4.9896
-4.9897
-4.9898
-4.9899
-4.9900
-4.9901
-4.9901
-4.9902
-4.9903
-4.9904
-4.9905
-4.9906
-4.9906
-4.9907
-4.9908
-4.9909
-4.9910
-4.9911
-4.9911
-4.9912
-4.9913
-4.9914
-4.9915
-4.9916
-4.9917
-4.9917
-4.9918
-4.9919
-4.9920
-4.9921
-4.9922
-4.9922
-4.9923
-4.9924
-4.9925
-4.9926
-4.9927
-4.9927
-4.9928
-4.9929
-4.9930
-4.9931
-4.9932
-4.9933
-4.9933
-4.9934
-4.9935
-4.9936
-4.9937
-4.9938
-4.9938
-4.9939
-4.9940
-4.9941
-4.9942
-4.9943
-4.9943
-4.9944
-4.9945
-4.9946
-4.9947
-4.9948
-4.9949
-4.9949
-4.9950
-4.9951
-4.9952
-4.9953
-4.9954
-4.9954
-4.9955
-4.9956
-4.9957
-4.9958
-4.9959
-4.9959
-4.9960
-4.9961
-4.9962
-4.9963
-4.9964
-4.9965
-4.9965
-4.9966
-4.9967
-4.9968
-4.9969
-4.9970
-4.9970
-4.9971
-4.9972
-4.9973
-4.9974
-4.9975
-4.9975
-4.9976
-4.9977
-4.9978
-4.9979
-4.9980
-4.9981
-4.9981
-4.9982
-4.9983
-4.9984
-4.9985
-4.9986
-4.9986
-4.9987
-4.9988
-4.9989
-4.9990
-4.9991
-4.9992
-4.9992
-4.9993
-4.9994
-4.9995
-4.9996
-4.9997
-4.9997
-4.9998
-4.9999
-5.0000
-5.0001
-5.0002
-5.0002
-5.0003
-5.0004
-5.0005
-5.0006
-5.0007
-5.0008
-5.0008
-5.0009
-5.0010
-5.0011
-5.0012
-5.0013
-5.0013
-5.0014
-5.0015
-5.0016
-5.0017
-5.0018
-5.0018
-5.0019
-5.0020
-5.0021
-5.0022
-5.0023
-5.0024
-5.0024
-5.0025
-5.0026
-5.0027
-5.0028
-5.0029
-5.0029
-5.0030
-5.0031
-5.0032
-5.0033
-5.0034
-5.0034
-5.0035
-5.0036
-5.0037
-5.0038
-5.0039
-5.0040
-5.0040
-5.0041
-5.0042
-5.0043
-5.0044
-5.0045
-5.0045
-5.0046
-5.0047
-5.0048
-5.0049
-5.0050
-5.0050
-5.0051
-5.0052
-5.0053
-5.0054
-5.0055
-5.0056
-5.0056
-5.0057
-5.0058
-5.0059
-5.0060
-5.0061
-5.0061
-5.0062
-5.0063
-5.0064
-5.0065
-5.0066
-5.0066
-5.0067
-5.0068
-5.0069
-5.0070
-5.0071
-5.0072
-5.0072
-5.0073
-5.0074
-5.0075
-5.0076
-5.0077
-5.0077
-5.0078
-5.0079
-5.0080
-5.0081
-5.0082
-5.0082
-5.0083
-5.0084
-5.0085
-5.0086
-5.0087
-5.0088
-5.0088
-5.0089
-5.0090
-5.0091
-5.0092
-5.0093
-5.0093
-5.0094
-5.0095
-5.0096
-5.0097
-5.0098
-5.0098
-5.0099
-5.0100
-5.0101
-5.0102
-5.0103
-5.0104
-5.0104
-5.0105
-5.0106
-5.0107
-5.0108
-5.0109
-5.0109
-5.0110
-5.0111
-5.0112
-5.0113
-5.0114
-5.0115
-5.0115
-5.0116
-5.0117
-5.0118
-5.0119
-5.0120
-5.0120
-5.0121
-5.0122
-5.0123
-5.0124
-5.0125
-5.0125
-5.0126
-5.0127
-5.0128
-5.0129
-5.0130
-5.0131
-5.0131
-5.0132
-5.0133
-5.0134
-5.0135
-5.0136
-5.0136
-5.0137
-5.0138
-5.0139
-5.0140
-5.0141
-5.0141
-5.0142
-5.0143
-5.0144
-5.0145
-5.0146
-5.0147
-5.0147
-5.0148
-5.0149
-5.0150
-5.0151
-5.0152
-5.0152
-5.0153
-5.0154
-5.0155
-5.0156
-5.0157
-5.0157
-5.0158
-5.0159
-5.0160
-5.0161
-5.0162
-5.0163
-5.0163
-5.0164
-5.0165
-5.0166
-5.0167
-5.0168
-5.0168
-5.0169
-5.0170
-5.0171
-5.0172
-5.0173
-5.0173
-5.0174
-5.0175
-5.0176
-5.0177
-5.0178
-5.0179
-5.0179
-5.0180
-5.0181
-5.0182
-5.0183
-5.0184
-5.0184
-5.0185
-5.0186
-5.0187
-5.0188
-5.0189
-5.0189
-5.0190
-5.0191
-5.0192
-5.0193
-5.0194
-5.0195
-5.0195
-5.0196
-5.0197
-5.0198
-5.0199
-5.0200
-5.0200
-5.0201
-5.0202
-5.0203
-5.0204
-5.0205
-5.0205
-5.0206
-5.0207
-5.0208
-5.0209
-5.0210
-5.0211
-5.0211
-5.0212
-5.0213
-5.0214
-5.0215
-5.0216
-5.0216
-5.0217
-5.0218
-5.0219
-5.0220
-5.0221
-5.0221
-5.0222
-5.0223
-5.0224
-5.0225
-5.0226
-5.0227
-5.0227
-5.0228
-5.0229
-5.0230
-5.0231
-5.0232
-5.0232
-5.0233
-5.0234
-5.0235
-5.0236
-5.0237
-5.0237
-5.0238
-5.0239
-5.0240
-5.0241
-5.0242
-5.0243
-5.0243
-5.0244
-5.0245
-5.0246
-5.0247
-5.0248
-5.0248
-5.0249
-5.0250
-5.0251
-5.0252
-5.0253
-5.0254
-5.0254
-5.0255
-5.0256
-5.0257
-5.0258
-5.0259
-5.0259
-5.0260
-5.0261
-5.0262
-5.0263
-5.0264
-5.0264
-5.0265
-5.0266
-5.0267
-5.0268
-5.0269
-5.0270
-5.0270
-5.0271
-5.0272
-5.0273
-5.0274
-5.0275
-5.0275
-5.0276
-5.0277
-5.0278
-5.0279
-5.0280
-5.0280
-5.0281
-5.0282
-5.0283
-5.0284
-5.0285
-5.0286
-5.0286
-5.0287
-5.0288
-5.0289
-5.0290
-5.0291
-5.0291
-5.0292
-5.0293
-5.0294
-5.0295
-5.0296
-5.0296
-5.0297
-5.0298
-5.0299
-5.0300
-5.0301
-5.0302
-5.0302
-5.0303
-5.0304
-5.0305
-5.0306
-5.0307
-5.0307
-5.0308
-5.0309
-5.0310
-5.0311
-5.0312
-5.0312
-5.0313
-5.0314
-5.0315
-5.0316
-5.0317
-5.0318
-5.0318
-5.0319
-5.0320
-5.0321
-5.0322
-5.0323
-5.0323
-5.0324
-5.0325
-5.0326
-5.0327
-5.0328
-5.0328
-5.0329
-5.0330
-5.0331
-5.0332
-5.0333
-5.0334
-5.0334
-5.0335
-5.0336
-5.0337
-5.0338
-5.0339
-5.0339
-5.0340
-5.0341
-5.0342
-5.0343
-5.0344
-5.0344
-5.0345
-5.0346
-5.0347
-5.0348
-5.0349
-5.0350
-5.0350
-5.0351
-5.0352
-5.0353
-5.0354
-5.0355
-5.0355
-5.0356
-5.0357
-5.0358
-5.0359
-5.0360
-5.0360
-5.0361
-5.0362
-5.0363
-5.0364
-5.0365
-5.0366
-5.0366
-5.0367
-5.0368
-5.0369
-5.0370
-5.0371
-5.0371
-5.0372
-5.0373
-5.0374
-5.0375
-5.0376
-5.0376
-5.0377
-5.0378
-5.0379
-5.0380
-5.0381
-5.0382
-5.0382
-5.0383
-5.0384
-5.0385
-5.0386
-5.0387
-5.0387
-5.0388
-5.0389
-5.0390
-5.0391
-5.0392
-5.0393
-5.0393
-5.0394
-5.0395
-5.0396
-5.0397
-5.0398
-5.0398
-5.0399
-5.0400
-5.0401
-5.0402
-5.0403
-5.0403
-5.0404
-5.0405
-5.0406
-5.0407
-5.0408
-5.0409
-5.0409
-5.0410
-5.0411
-5.0412
-5.0413
-5.0414
-5.0414
-5.0415
-5.0416
-5.0417
-5.0418
-5.0419
-5.0419
-5.0420
-5.0421
-5.0422
-5.0423
-5.0424
-5.0425
-5.0425
-5.0426
-5.0427
-5.0428
-5.0429
-5.0430
-5.0430
-5.0431
-5.0432
-5.0433
-5.0434
-5.0435
-5.0435
-5.0436
-5.0437
-5.0438
-5.0439
-5.0440
-5.0441
-5.0441
-5.0442
-5.0443
-5.0444
-5.0445
-5.0446
-5.0446
-5.0447
-5.0448
-5.0449
-5.0450
-5.0451
-5.0451
-5.0452
-5.0453
-5.0454
-5.0455
-5.0456
-5.0457
-5.0457
-5.0458
-5.0459
-5.0460
-5.0461
-5.0462
-5.0462
-5.0463
-5.0464
-5.0465
-5.0466
-5.0467
-5.0467
-5.0468
-5.0469
-5.0470
-5.0471
-5.0472
-5.0473
-5.0473
-5.0474
-5.0475
-5.0476
-5.0477
-5.0478
-5.0478
-5.0479
-5.0480
-5.0481
-5.0482
-5.0483
-5.0483
-5.0484
-5.0485
-5.0486
-5.0487
-5.0488
-5.0489
-5.0489
-5.0490
-5.0491
-5.0492
-5.0493
-5.0494
-5.0494
-5.0495
-5.0496
-5.0497
-5.0498
-5.0499
-5.0499
-5.0500
-5.0501
-5.0502
-5.0503
-5.0504
-5.0505
-5.0505
-5.0506
-5.0507
-5.0508
-5.0509
-5.0510
-5.0510
-5.0511
-5.0512
-5.0513
-5.0514
-5.0515
-5.0516
-5.0516
-5.0517
-5.0518
-5.0519
-5.0520
-5.0521
-5.0521
-5.0522
-5.0523
-5.0524
-5.0525
-5.0526
-5.0526
-5.0527
-5.0528
-5.0529
-5.0530
-5.0531
-5.0532
-5.0532
-5.0533
-5.0534
-5.0535
-5.0536
-5.0537
-5.0537
-5.0538
-5.0539
-5.0540
-5.0541
-5.0542
-5.0542
-5.0543
-5.0544
-5.0545
-5.0546
-5.0547
-5.0548
-5.0548
-5.0549
-5.0550
-5.0551
-5.0552
-5.0553
-5.0553
-5.0554
-5.0555
-5.0556
-5.0557
-5.0558
-5.0558
-5.0559
-5.0560
-5.0561
-5.0562
-5.0563
-5.0564
-5.0564
-5.0565
-5.0566
-5.0567
-5.0568
-5.0569
-5.0569
-5.0570
-5.0571
-5.0572
-5.0573
-5.0574
-5.0574
-5.0575
-5.0576
-5.0577
-5.0578
-5.0579
-5.0580
-5.0580
-5.0581
-5.0582
-5.0583
-5.0584
-5.0585
-5.0585
-5.0586
-5.0587
-5.0588
-5.0589
-5.0590
-5.0590
-5.0591
-5.0592
-5.0593
-5.0594
-5.0595
-5.0596
-5.0596
-5.0597
-5.0598
-5.0599
-5.0600
-5.0601
-5.0601
-5.0602
-5.0603
-5.0604
-5.0605
-5.0606
-5.0606
-5.0607
-5.0608
-5.0609
-5.0610
-5.0611
-5.0612
-5.0612
-5.0613
-5.0614
-5.0615
-5.0616
-5.0617
-5.0617
-5.0618
-5.0619
-5.0620
-5.0621
-5.0622
-5.0622
-5.0623
-5.0624
-5.0625
-5.0626
-5.0627
-5.0628
-5.0628
-5.0629
-5.0630
-5.0631
-5.0632
-5.0633
-5.0633
-5.0634
-5.0635
-5.0636
-5.0637
-5.0638
-5.0638
-5.0639
-5.0640
-5.0641
-5.0642
-5.0643
-5.0644
-5.0644
-5.0645
-5.0646
-5.0647
-5.0648
-5.0649
-5.0649
-5.0650
-5.0651
-5.0652
-5.0653
-5.0654
-5.0655
-5.0655
-5.0656
-5.0657
-5.0658
-5.0659
-5.0660
-5.0660
-5.0661
-5.0662
-5.0663
-5.0664
-5.0665
-5.0665
-5.0666
-5.0667
-5.0668
-5.0669
-5.0670
-5.0671
-5.0671
-5.0672
-5.0673
-5.0674
-5.0675
-5.0676
-5.0676
-5.0677
-5.0678
-5.0679
-5.0680
-5.0681
-5.0681
-5.0682
-5.0683
-5.0684
-5.0685
-5.0686
-5.0687
-5.0687
-5.0688
-5.0689
-5.0690
-5.0691
-5.0692
-5.0692
-5.0693
-5.0694
-5.0695
-5.0696
-5.0697
-5.0697
-5.0698
-5.0699
-5.0700
-5.0701
-5.0702
-5.0703
-5.0703
-5.0704
-5.0705
-5.0706
-5.0707
-5.0708
-5.0708
-5.0709
-5.0710
-5.0711
-5.0712
-5.0713
-5.0713
-5.0714
-5.0715
-5.0716
-5.0717
-5.0718
-5.0719
-5.0719
-5.0720
-5.0721
-5.0722
-5.0723
-5.0724
-5.0724
-5.0725
-5.0726
-5.0727
-5.0728
-5.0729
-5.0729
-5.0730
-5.0731
-5.0732
-5.0733
-5.0734
-5.0735
-5.0735
-5.0736
-5.0737
-5.0738
-5.0739
-5.0740
-5.0740
-5.0741
-5.0742
-5.0743
-5.0744
-5.0745
-5.0745
-5.0746
-5.0747
-5.0748
-5.0749
-5.0750
-5.0751
-5.0751
-5.0752
-5.0753
-5.0754
-5.0755
-5.0756
-5.0756
-5.0757
-5.0758
-5.0759
-5.0760
-5.0761
-5.0761
-5.0762
-5.0763
-5.0764
-5.0765
-5.0766
-5.0767
-5.0767
-5.0768
-5.0769
-5.0770
-5.0771
-5.0772
-5.0772
-5.0773
-5.0774
-5.0775
-5.0776
-5.0777
-5.0777
-5.0778
-5.0779
-5.0780
-5.0781
-5.0782
-5.0783
-5.0783
-5.0784
-5.0785
-5.0786
-5.0787
-5.0788
-5.0788
-5.0789
-5.0790
-5.0791
-5.0792
-5.0793
-5.0794
-5.0794
-5.0795
-5.0796
-5.0797
-5.0798
-5.0799
-5.0799
-5.0800
-5.0801
-5.0802
-5.0803
-5.0804
-5.0804
-5.0805
-5.0806
-5.0807
-5.0808
-5.0809
-5.0810
-5.0810
-5.0811
-5.0812
-5.0813
-5.0814
-5.0815
-5.0815
-5.0816
-5.0817
-5.0818
-5.0819
-5.0820
-5.0820
-5.0821
-5.0822
-5.0823
-5.0824
-5.0825
-5.0826
-5.0826
-5.0827
-5.0828
-5.0829
-5.0830
-5.0831
-5.0831
-5.0832
-5.0833
-5.0834
-5.0835
-5.0836
-5.0836
-5.0837
-5.0838
-5.0839
-5.0840
-5.0841
-5.0842
-5.0842
-5.0843
-5.0844
-5.0845
-5.0846
-5.0847
-5.0847
-5.0848
-5.0849
-5.0850
-5.0851
-5.0852
-5.0852
-5.0853
-5.0854
-5.0855
-5.0856
-5.0857
-5.0858
-5.0858
-5.0859
-5.0860
-5.0861
-5.0862
-5.0863
-5.0863
-5.0864
-5.0865
-5.0866
-5.0867
-5.0868
-5.0868
-5.0869
-5.0870
-5.0871
-5.0872
-5.0873
-5.0874
-5.0874
-5.0875
-5.0876
-5.0877
-5.0878
-5.0879
-5.0879
-5.0880
-5.0881
-5.0882
-5.0883
-5.0884
-5.0884
-5.0885
-5.0886
-5.0887
-5.0888
-5.0889
-5.0890
-5.0890
-5.0891
-5.0892
-5.0893
-5.0894
-5.0895
-5.0895
-5.0896
-5.0897
-5.0898
-5.0899
-5.0900
-5.0900
-5.0901
-5.0902
-5.0903
-5.0904
-5.0905
-5.0906
-5.0906
-5.0907
-5.0908
-5.0909
-5.0910
-5.0911
-5.0911
-5.0912
-5.0913
-5.0914
-5.0915
-5.0916
-5.0916
-5.0917
-5.0918
-5.0919
-5.0920
-5.0921
-5.0922
-5.0922
-5.0923
-5.0924
-5.0925
-5.0926
-5.0927
-5.0927
-5.0928
-5.0929
-5.0930
-5.0931
-5.0932
-5.0933
-5.0933
-5.0934
-5.0935
-5.0936
-5.0937
-5.0938
-5.0938
-5.0939
-5.0940
-5.0941
-5.0942
-5.0943
-5.0943
-5.0944
-5.0945
-5.0946
-5.0947
-5.0948
-5.0949
-5.0949
-5.0950
-5.0951
-5.0952
-5.0953
-5.0954
-5.0954
-5.0955
-5.0956
-5.0957
-5.0958
-5.0959
-5.0959
-5.0960
-5.0961
-5.0962
-5.0963
-5.0964
-5.0965
-5.0965
-5.0966
-5.0967
-5.0968
-5.0969
-5.0970
-5.0970
-5.0971
-5.0972
-5.0973
-5.0974
-5.0975
-5.0975
-5.0976
-5.0977
-5.0978
-5.0979
-5.0980
-5.0981
-5.0981
-5.0982
-5.0983
-5.0984
-5.0985
-5.0986
-5.0986
-5.0987
-5.0988
-5.0989
-5.0990
-5.0991
-5.0991
-5.0992
-5.0993
-5.0994
-5.0995
-5.0996
-5.0997
-5.0997
-5.0998
-5.0999
-5.1000
-5.1001
-5.1002
-5.1002
-5.1003
-5.1004
-5.1005
-5.1006
-5.1007
-5.1007
-5.1008
-5.1009
-5.1010
-5.1011
-5.1012
-5.1013
-5.1013
-5.1014
-5.1015
-5.1016
-5.1017
-5.1018
-5.1018
-5.1019
-5.1020
-5.1021
-5.1022
-5.1023
-5.1023
-5.1024
-5.1025
-5.1026
-5.1027
-5.1028
-5.1029
-5.1029
-5.1030
-5.1031
-5.1032
-5.1033
-5.1034
-5.1034
-5.1035
-5.1036
-5.1037
-5.1038
-5.1039
-5.1039
-5.1040
-5.1041
-5.1042
-5.1043
-5.1044
-5.1045
-5.1045
-5.1046
-5.1047
-5.1048
-5.1049
-5.1050
-5.1050
-5.1051
-5.1052
-5.1053
-5.1054
-5.1055
-5.1056
-5.1056
-5.1057
-5.1058
-5.1059
-5.1060
-5.1061
-5.1061
-5.1062
-5.1063
-5.1064
-5.1065
-5.1066
-5.1066
-5.1067
-5.1068
-5.1069
-5.1070
-5.1071
-5.1072
-5.1072
-5.1073
-5.1074
-5.1075
-5.1076
-5.1077
-5.1077
-5.1078
-5.1079
-5.1080
-5.1081
-5.1082
-5.1082
-5.1083
-5.1084
-5.1085
-5.1086
-5.1087
-5.1088
-5.1088
-5.1089
-5.1090
-5.1091
-5.1092
-5.1093
-5.1093
-5.1094
-5.1095
-5.1096
-5.1097
-5.1098
-5.1098
-5.1099
-5.1100
-5.1101
-5.1102
-5.1103
-5.1104
-5.1104
-5.1105
-5.1106
-5.1107
-5.1108
-5.1109
-5.1109
-5.1110
-5.1111
-5.1112
-5.1113
-5.1114
-5.1114
-5.1115
-5.1116
-5.1117
-5.1118
-5.1119
-5.1120
-5.1120
-5.1121
-5.1122
-5.1123
-5.1124
-5.1125
-5.1125
-5.1126
-5.1127
-5.1128
-5.1129
-5.1130
-5.1130
-5.1131
-5.1132
-5.1133
-5.1134
-5.1135
-5.1136
-5.1136
-5.1137
-5.1138
-5.1139
-5.1140
-5.1141
-5.1141
-5.1142
-5.1143
-5.1144
-5.1145
-5.1146
-5.1146
-5.1147
-5.1148
-5.1149
-5.1150
-5.1151
-5.1152
-5.1152
-5.1153
-5.1154
-5.1155
-5.1156
-5.1157
-5.1157
-5.1158
-5.1159
-5.1160
-5.1161
-5.1162
-5.1162
-5.1163
-5.1164
-5.1165
-5.1166
-5.1167
-5.1168
-5.1168
-5.1169
-5.1170
-5.1171
-5.1172
-5.1173
-5.1173
-5.1174
-5.1175
-5.1176
-5.1177
-5.1178
-5.1178
-5.1179
-5.1180
-5.1181
-5.1182
-5.1183
-5.1184
-5.1184
-5.1185
-5.1186
-5.1187
-5.1188
-5.1189
-5.1189
-5.1190
-5.1191
-5.1192
-5.1193
-5.1194
-5.1195
-5.1195
-5.1196
-5.1197
-5.1198
-5.1199
-5.1200
-5.1200
-5.1201
-5.1202
-5.1203
-5.1204
-5.1205
-5.1205
-5.1206
-5.1207
-5.1208
-5.1209
-5.1210
-5.1211
-5.1211
-5.1212
-5.1213
-5.1214
-5.1215
-5.1216
-5.1216
-5.1217
-5.1218
-5.1219
-5.1220
-5.1221
-5.1221
-5.1222
-5.1223
-5.1224
-5.1225
-5.1226
-5.1227
-5.1227
-5.1228
-5.1229
-5.1230
-5.1231
-5.1232
-5.1232
-5.1233
-5.1234
-5.1235
-5.1236
-5.1237
-5.1237
-5.1238
-5.1239
-5.1240
-5.1241
-5.1242
-5.1243
-5.1243
-5.1244
-5.1245
-5.1246
-5.1247
-5.1248
-5.1248
-5.1249
-5.1250
-5.1251
-5.1252
-5.1253
-5.1253
-5.1254
-5.1255
-5.1256
-5.1257
-5.1258
-5.1259
-5.1259
-5.1260
-5.1261
-5.1262
-5.1263
-5.1264
-5.1264
-5.1265
-5.1266
-5.1267
-5.1268
-5.1269
-5.1269
-5.1270
-5.1271
-5.1272
-5.1273
-5.1274
-5.1275
-5.1275
-5.1276
-5.1277
-5.1278
-5.1279
-5.1280
-5.1280
-5.1281
-5.1282
-5.1283
-5.1284
-5.1285
-5.1285
-5.1286
-5.1287
-5.1288
-5.1289
-5.1290
-5.1291
-5.1291
-5.1292
-5.1293
-5.1294
-5.1295
-5.1296
-5.1296
-5.1297
-5.1298
-5.1299
-5.1300
-5.1301
-5.1301
-5.1302
-5.1303
-5.1304
-5.1305
-5.1306
-5.1307
-5.1307
-5.1308
-5.1309
-5.1310
-5.1311
-5.1312
-5.1312
-5.1313
-5.1314
-5.1315
-5.1316
-5.1317
-5.1317
-5.1318
-5.1319
-5.1320
-5.1321
-5.1322
-5.1323
-5.1323
-5.1324
-5.1325
-5.1326
-5.1327
-5.1328
-5.1328
-5.1329
-5.1330
-5.1331
-5.1332
-5.1333
-5.1334
-5.1334
-5.1335
-5.1336
-5.1337
-5.1338
-5.1339
-5.1339
-5.1340
-5.1341
-5.1342
-5.1343
-5.1344
-5.1344
-5.1345
-5.1346
-5.1347
-5.1348
-5.1349
-5.1350
-5.1350
-5.1351
-5.1352
-5.1353
-5.1354
-5.1355
-5.1355
-5.1356
-5.1357
-5.1358
-5.1359
-5.1360
-5.1360
-5.1361
-5.1362
-5.1363
-5.1364
-5.1365
-5.1366
-5.1366
-5.1367
-5.1368
-5.1369
-5.1370
-5.1371
-5.1371
-5.1372
-5.1373
-5.1374
-5.1375
-5.1376
-5.1376
-5.1377
-5.1378
-5.1379
-5.1380
-5.1381
-5.1382
-5.1382
-5.1383
-5.1384
-5.1385
-5.1386
-5.1387
-5.1387
-5.1388
-5.1389
-5.1390
-5.1391
-5.1392
-5.1392
-5.1393
-5.1394
-5.1395
-5.1396
-5.1397
-5.1398
-5.1398
-5.1399
-5.1400
-5.1401
-5.1402
-5.1403
-5.1403
-5.1404
-5.1405
-5.1406
-5.1407
-5.1408
-5.1408
-5.1409
-5.1410
-5.1411
-5.1412
-5.1413
-5.1414
-5.1414
-5.1415
-5.1416
-5.1417
-5.1418
-5.1419
-5.1419
-5.1420
-5.1421
-5.1422
-5.1423
-5.1424
-5.1424
-5.1425
-5.1426
-5.1427
-5.1428
-5.1429
-5.1430
-5.1430
-5.1431
-5.1432
-5.1433
-5.1434
-5.1435
-5.1435
-5.1436
-5.1437
-5.1438
-5.1439
-5.1440
-5.1440
-5.1441
-5.1442
-5.1443
-5.1444
-5.1445
-5.1446
-5.1446
-5.1447
-5.1448
-5.1449
-5.1450
-5.1451
-5.1451
-5.1452
-5.1453
-5.1454
-5.1455
-5.1456
-5.1457
-5.1457
-5.1458
-5.1459
-5.1460
-5.1461
-5.1462
-5.1462
-5.1463
-5.1464
-5.1465
-5.1466
-5.1467
-5.1467
-5.1468
-5.1469
-5.1470
-5.1471
-5.1472
-5.1473
-5.1473
-5.1474
-5.1475
-5.1476
-5.1477
-5.1478
-5.1478
-5.1479
-5.1480
-5.1481
-5.1482
-5.1483
-5.1483
-5.1484
-5.1485
-5.1486
-5.1487
-5.1488
-5.1489
-5.1489
-5.1490
-5.1491
-5.1492
-5.1493
-5.1494
-5.1494
-5.1495
-5.1496
-5.1497
-5.1498
-5.1499
-5.1499
-5.1500
-5.1501
-5.1502
-5.1503
-5.1504
-5.1505
-5.1505
-5.1506
-5.1507
-5.1508
-5.1509
-5.1510
-5.1510
-5.1511
-5.1512
-5.1513
-5.1514
-5.1515
-5.1515
-5.1516
-5.1517
-5.1518
-5.1519
-5.1520
-5.1521
-5.1521
-5.1522
-5.1523
-5.1524
-5.1525
-5.1526
-5.1526
-5.1527
-5.1528
-5.1529
-5.1530
-5.1531
-5.1531
-5.1532
-5.1533
-5.1534
-5.1535
-5.1536
-5.1537
-5.1537
-5.1538
-5.1539
-5.1540
-5.1541
-5.1542
-5.1542
-5.1543
-5.1544
-5.1545
-5.1546
-5.1547
-5.1547
-5.1548
-5.1549
-5.1550
-5.1551
-5.1552
-5.1553
-5.1553
-5.1554
-5.1555
-5.1556
-5.1557
-5.1558
-5.1558
-5.1559
-5.1560
-5.1561
-5.1562
-5.1563
-5.1563
-5.1564
-5.1565
-5.1566
-5.1567
-5.1568
-5.1569
-5.1569
-5.1570
-5.1571
-5.1572
-5.1573
-5.1574
-5.1574
-5.1575
-5.1576
-5.1577
-5.1578
-5.1579
-5.1579
-5.1580
-5.1581
-5.1582
-5.1583
-5.1584
-5.1585
-5.1585
-5.1586
-5.1587
-5.1588
-5.1589
-5.1590
-5.1590
-5.1591
-5.1592
-5.1593
-5.1594
-5.1595
-5.1596
-5.1596
-5.1597
-5.1598
-5.1599
-5.1600
-5.1601
-5.1601
-5.1602
-5.1603
-5.1604
-5.1605
-5.1606
-5.1606
-5.1607
-5.1608
-5.1609
-5.1610
-5.1611
-5.1612
-5.1612
-5.1613
-5.1614
-5.1615
-5.1616
-5.1617
-5.1617
-5.1618
-5.1619
-5.1620
-5.1621
-5.1622
-5.1622
-5.1623
-5.1624
-5.1625
-5.1626
-5.1627
-5.1628
-5.1628
-5.1629
-5.1630
-5.1631
-5.1632
-5.1633
-5.1633
-5.1634
-5.1635
-5.1636
-5.1637
-5.1638
-5.1638
-5.1639
-5.1640
-5.1641
-5.1642
-5.1643
-5.1644
-5.1644
-5.1645
-5.1646
-5.1647
-5.1648
-5.1649
-5.1649
-5.1650
-5.1651
-5.1652
-5.1653
-5.1654
-5.1654
-5.1655
-5.1656
-5.1657
-5.1658
-5.1659
-5.1660
-5.1660
-5.1661
-5.1662
-5.1663
-5.1664
-5.1665
-5.1665
-5.1666
-5.1667
-5.1668
-5.1669
-5.1670
-5.1670
-5.1671
-5.1672
-5.1673
-5.1674
-5.1675
-5.1676
-5.1676
-5.1677
-5.1678
-5.1679
-5.1680
-5.1681
-5.1681
-5.1682
-5.1683
-5.1684
-5.1685
-5.1686
-5.1686
-5.1687
-5.1688
-5.1689
-5.1690
-5.1691
-5.1692
-5.1692
-5.1693
-5.1694
-5.1695
-5.1696
-5.1697
-5.1697
-5.1698
-5.1699
-5.1700
-5.1701
-5.1702
-5.1702
-5.1703
-5.1704
-5.1705
-5.1706
-5.1707
-5.1708
-5.1708
-5.1709
-5.1710
-5.1711
-5.1712
-5.1713
-5.1713
-5.1714
-5.1715
-5.1716
-5.1717
-5.1718
-5.1718
-5.1719
-5.1720
-5.1721
-5.1722
-5.1723
-5.1724
-5.1724
-5.1725
-5.1726
-5.1727
-5.1728
-5.1729
-5.1729
-5.1730
-5.1731
-5.1732
-5.1733
-5.1734
-5.1735
-5.1735
-5.1736
-5.1737
-5.1738
-5.1739
-5.1740
-5.1740
-5.1741
-5.1742
-5.1743
-5.1744
-5.1745
-5.1745
-5.1746
-5.1747
-5.1748
-5.1749
-5.1750
-5.1751
-5.1751
-5.1752
-5.1753
-5.1754
-5.1755
-5.1756
-5.1756
-5.1757
-5.1758
-5.1759
-5.1760
-5.1761
-5.1761
-5.1762
-5.1763
-5.1764
-5.1765
-5.1766
-5.1767
-5.1767
-5.1768
-5.1769
-5.1770
-5.1771
-5.1772
-5.1772
-5.1773
-5.1774
-5.1775
-5.1776
-5.1777
-5.1777
-5.1778
-5.1779
-5.1780
-5.1781
-5.1782
-5.1783
-5.1783
-5.1784
-5.1785
-5.1786
-5.1787
-5.1788
-5.1788
-5.1789
-5.1790
-5.1791
-5.1792
-5.1793
-5.1793
-5.1794
-5.1795
-5.1796
-5.1797
-5.1798
-5.1799
-5.1799
-5.1800
-5.1801
-5.1802
-5.1803
-5.1804
-5.1804
-5.1805
-5.1806
-5.1807
-5.1808
-5.1809
-5.1809
-5.1810
-5.1811
-5.1812
-5.1813
-5.1814
-5.1815
-5.1815
-5.1816
-5.1817
-5.1818
-5.1819
-5.1820
-5.1820
-5.1821
-5.1822
-5.1823
-5.1824
-5.1825
-5.1825
-5.1826
-5.1827
-5.1828
-5.1829
-5.1830
-5.1831
-5.1831
-5.1832
-5.1833
-5.1834
-5.1835
-5.1836
-5.1836
-5.1837
-5.1838
-5.1839
-5.1840
-5.1841
-5.1841
-5.1842
-5.1843
-5.1844
-5.1845
-5.1846
-5.1847
-5.1847
-5.1848
-5.1849
-5.1850
-5.1851
-5.1852
-5.1852
-5.1853
-5.1854
-5.1855
-5.1856
-5.1857
-5.1857
-5.1858
-5.1859
-5.1860
-5.1861
-5.1862
-5.1863
-5.1863
-5.1864
-5.1865
-5.1866
-5.1867
-5.1868
-5.1868
-5.1869
-5.1870
-5.1871
-5.1872
-5.1873
-5.1874
-5.1874
-5.1875
-5.1876
-5.1877
-5.1878
-5.1879
-5.1879
-5.1880
-5.1881
-5.1882
-5.1883
-5.1884
-5.1884
-5.1885
-5.1886
-5.1887
-5.1888
-5.1889
-5.1890
-5.1890
-5.1891
-5.1892
-5.1893
-5.1894
-5.1895
-5.1895
-5.1896
-5.1897
-5.1898
-5.1899
-5.1900
-5.1900
-5.1901
-5.1902
-5.1903
-5.1904
-5.1905
-5.1906
-5.1906
-5.1907
-5.1908
-5.1909
-5.1910
-5.1911
-5.1911
-5.1912
-5.1913
-5.1914
-5.1915
-5.1916
-5.1916
-5.1917
-5.1918
-5.1919
-5.1920
-5.1921
-5.1922
-5.1922
-5.1923
-5.1924
-5.1925
-5.1926
-5.1927
-5.1927
-5.1928
-5.1929
-5.1930
-5.1931
-5.1932
-5.1932
-5.1933
-5.1934
-5.1935
-5.1936
-5.1937
-5.1938
-5.1938
-5.1939
-5.1940
-5.1941
-5.1942
-5.1943
-5.1943
-5.1944
-5.1945
-5.1946
-5.1947
-5.1948
-5.1948
-5.1949
-5.1950
-5.1951
-5.1952
-5.1953
-5.1954
-5.1954
-5.1955
-5.1956
-5.1957
-5.1958
-5.1959
-5.1959
-5.1960
-5.1961
-5.1962
-5.1963
-5.1964
-5.1964
-5.1965
-5.1966
-5.1967
-5.1968
-5.1969
-5.1970
-5.1970
-5.1971
-5.1972
-5.1973
-5.1974
-5.1975
-5.1975
-5.1976
-5.1977
-5.1978
-5.1979
-5.1980
-5.1980
-5.1981
-5.1982
-5.1983
-5.1984
-5.1985
-5.1986
-5.1986
-5.1987
-5.1988
-5.1989
-5.1990
-5.1991
-5.1991
-5.1992
-5.1993
-5.1994
-5.1995
-5.1996
-5.1997
-5.1997
-5.1998
-5.1999
-5.2000
-5.2001
-5.2002
-5.2002
-5.2003
-5.2004
-5.2005
-5.2006
-5.2007
-5.2007
-5.2008
-5.2009
-5.2010
-5.2011
-5.2012
-5.2013
-5.2013
-5.2014
-5.2015
-5.2016
-5.2017
-5.2018
-5.2018
-5.2019
-5.2020
-5.2021
-5.2022
-5.2023
-5.2023
-5.2024
-5.2025
-5.2026
-5.2027
-5.2028
-5.2029
-5.2029
-5.2030
-5.2031
-5.2032
-5.2033
-5.2034
-5.2034
-5.2035
-5.2036
-5.2037
-5.2038
-5.2039
-5.2039
-5.2040
-5.2041
-5.2042
-5.2043
-5.2044
-5.2045
-5.2045
-5.2046
-5.2047
-5.2048
-5.2049
-5.2050
-5.2050
-5.2051
-5.2052
-5.2053
-5.2054
-5.2055
-5.2055
-5.2056
-5.2057
-5.2058
-5.2059
-5.2060
-5.2061
-5.2061
-5.2062
-5.2063
-5.2064
-5.2065
-5.2066
-5.2066
-5.2067
-5.2068
-5.2069
-5.2070
-5.2071
-5.2071
-5.2072
-5.2073
-5.2074
-5.2075
-5.2076
-5.2077
-5.2077
-5.2078
-5.2079
-5.2080
-5.2081
-5.2082
-5.2082
-5.2083
-5.2084
-5.2085
-5.2086
-5.2087
-5.2087
-5.2088
-5.2089
-5.2090
-5.2091
-5.2092
-5.2093
-5.2093
-5.2094
-5.2095
-5.2096
-5.2097
-5.2098
-5.2098
-5.2099
-5.2100
-5.2101
-5.2102
-5.2103
-5.2103
-5.2104
-5.2105
-5.2106
-5.2107
-5.2108
-5.2109
-5.2109
-5.2110
-5.2111
-5.2112
-5.2113
-5.2114
-5.2114
-5.2115
-5.2116
-5.2117
-5.2118
-5.2119
-5.2119
-5.2120
-5.2121
-5.2122
-5.2123
-5.2124
-5.2125
-5.2125
-5.2126
-5.2127
-5.2128
-5.2129
-5.2130
-5.2130
-5.2131
-5.2132
-5.2133
-5.2134
-5.2135
-5.2136
-5.2136
-5.2137
-5.2138
-5.2139
-5.2140
-5.2141
-5.2141
-5.2142
-5.2143
-5.2144
-5.2145
-5.2146
-5.2146
-5.2147
-5.2148
-5.2149
-5.2150
-5.2151
-5.2152
-5.2152
-5.2153
-5.2154
-5.2155
-5.2156
-5.2157
-5.2157
-5.2158
-5.2159
-5.2160
-5.2161
-5.2162
-5.2162
-5.2163
-5.2164
-5.2165
-5.2166
-5.2167
-5.2168
-5.2168
-5.2169
-5.2170
-5.2171
-5.2172
-5.2173
-5.2173
-5.2174
-5.2175
-5.2176
-5.2177
-5.2178
-5.2178
-5.2179
-5.2180
-5.2181
-5.2182
-5.2183
-5.2184
-5.2184
-5.2185
-5.2186
-5.2187
-5.2188
-5.2189
-5.2189
-5.2190
-5.2191
-5.2192
-5.2193
-5.2194
-5.2194
-5.2195
-5.2196
-5.2197
-5.2198
-5.2199
-5.2200
-5.2200
-5.2201
-5.2202
-5.2203
-5.2204
-5.2205
-5.2205
-5.2206
-5.2207
-5.2208
-5.2209
-5.2210
-5.2210
-5.2211
-5.2212
-5.2213
-5.2214
-5.2215
-5.2216
-5.2216
-5.2217
-5.2218
-5.2219
-5.2220
-5.2221
-5.2221
-5.2222
-5.2223
-5.2224
-5.2225
-5.2226
-5.2226
-5.2227
-5.2228
-5.2229
-5.2230
-5.2231
-5.2232
-5.2232
-5.2233
-5.2234
-5.2235
-5.2236
-5.2237
-5.2237
-5.2238
-5.2239
-5.2240
-5.2241
-5.2242
-5.2243
-5.2243
-5.2244
-5.2245
-5.2246
-5.2247
-5.2248
-5.2248
-5.2249
-5.2250
-5.2251
-5.2252
-5.2253
-5.2253
-5.2254
-5.2255
-5.2256
-5.2257
-5.2258
-5.2259
-5.2259
-5.2260
-5.2261
-5.2262
-5.2263
-5.2264
-5.2264
-5.2265
-5.2266
-5.2267
-5.2268
-5.2269
-5.2269
-5.2270
-5.2271
-5.2272
-5.2273
-5.2274
-5.2275
-5.2275
-5.2276
-5.2277
-5.2278
-5.2279
-5.2280
-5.2280
-5.2281
-5.2282
-5.2283
-5.2284
-5.2285
-5.2285
-5.2286
-5.2287
-5.2288
-5.2289
-5.2290
-5.2291
-5.2291
-5.2292
-5.2293
-5.2294
-5.2295
-5.2296
-5.2296
-5.2297
-5.2298
-5.2299
-5.2300
-5.2301
-5.2301
-5.2302
-5.2303
-5.2304
-5.2305
-5.2306
-5.2307
-5.2307
-5.2308
-5.2309
-5.2310
-5.2311
-5.2312
-5.2312
-5.2313
-5.2314
-5.2315
-5.2316
-5.2317
-5.2317
-5.2318
-5.2319
-5.2320
-5.2321
-5.2322
-5.2323
-5.2323
-5.2324
-5.2325
-5.2326
-5.2327
-5.2328
-5.2328
-5.2329
-5.2330
-5.2331
-5.2332
-5.2333
-5.2333
-5.2334
-5.2335
-5.2336
-5.2337
-5.2338
-5.2339
-5.2339
-5.2340
-5.2341
-5.2342
-5.2343
-5.2344
-5.2344
-5.2345
-5.2346
-5.2347
-5.2348
-5.2349
-5.2350
-5.2350
-5.2351
-5.2352
-5.2353
-5.2354
-5.2355
-5.2355
-5.2356
-5.2357
-5.2358
-5.2359
-5.2360
-5.2360
-5.2361
-5.2362
-5.2363
-5.2364
-5.2365
-5.2366
-5.2366
-5.2367
-5.2368
-5.2369
-5.2370
-5.2371
-5.2371
-5.2372
-5.2373
-5.2374
-5.2375
-5.2376
-5.2376
-5.2377
-5.2378
-5.2379
-5.2380
-5.2381
-5.2382
-5.2382
-5.2383
-5.2384
-5.2385
-5.2386
-5.2387
-5.2387
-5.2388
-5.2389
-5.2390
-5.2391
-5.2392
-5.2392
-5.2393
-5.2394
-5.2395
-5.2396
-5.2397
-5.2398
-5.2398
-5.2399
-5.2400
-5.2401
-5.2402
-5.2403
-5.2403
-5.2404
-5.2405
-5.2406
-5.2407
-5.2408
-5.2408
-5.2409
-5.2410
-5.2411
-5.2412
-5.2413
-5.2414
-5.2414
-5.2415
-5.2416
-5.2417
-5.2418
-5.2419
-5.2419
-5.2420
-5.2421
-5.2422
-5.2423
-5.2424
-5.2424
-5.2425
-5.2426
-5.2427
-5.2428
-5.2429
-5.2430
-5.2430
-5.2431
-5.2432
-5.2433
-5.2434
-5.2435
-5.2435
-5.2436
-5.2437
-5.2438
-5.2439
-5.2440
-5.2440
-5.2441
-5.2442
-5.2443
-5.2444
-5.2445
-5.2446
-5.2446
-5.2447
-5.2448
-5.2449
-5.2450
-5.2451
-5.2451
-5.2452
-5.2453
-5.2454
-5.2455
-5.2456
-5.2457
-5.2457
-5.2458
-5.2459
-5.2460
-5.2461
-5.2462
-5.2462
-5.2463
-5.2464
-5.2465
-5.2466
-5.2467
-5.2467
-5.2468
-5.2469
-5.2470
-5.2471
-5.2472
-5.2473
-5.2473
-5.2474
-5.2475
-5.2476
-5.2477
-5.2478
-5.2478
-5.2479
-5.2480
-5.2481
-5.2482
-5.2483
-5.2483
-5.2484
-5.2485
-5.2486
-5.2487
-5.2488
-5.2489
-5.2489
-5.2490
-5.2491
-5.2492
-5.2493
-5.2494
-5.2494
-5.2495
-5.2496
-5.2497
-5.2498
-5.2499
-5.2499
-5.2500
-5.2501
-5.2502
-5.2503
-5.2504
-5.2505
-5.2505
-5.2506
-5.2507
-5.2508
-5.2509
-5.2510
-5.2510
-5.2511
-5.2512
-5.2513
-5.2514
-5.2515
-5.2515
-5.2516
-5.2517
-5.2518
-5.2519
-5.2520
-5.2521
-5.2521
-5.2522
-5.2523
-5.2524
-5.2525
-5.2526
-5.2526
-5.2527
-5.2528
-5.2529
-5.2530
-5.2531
-5.2532
-5.2532
-5.2533
-5.2534
-5.2535
-5.2536
-5.2537
-5.2537
-5.2538
-5.2539
-5.2540
-5.2541
-5.2542
-5.2542
-5.2543
-5.2544
-5.2545
-5.2546
-5.2547
-5.2548
-5.2548
-5.2549
-5.2550
-5.2551
-5.2552
-5.2553
-5.2553
-5.2554
-5.2555
-5.2556
-5.2557
-5.2558
-5.2558
-5.2559
-5.2560
-5.2561
-5.2562
-5.2563
-5.2564
-5.2564
-5.2565
-5.2566
-5.2567
-5.2568
-5.2569
-5.2569
-5.2570
-5.2571
-5.2572
-5.2573
-5.2574
-5.2574
-5.2575
-5.2576
-5.2577
-5.2578
-5.2579
-5.2580
-5.2580
-5.2581
-5.2582
-5.2583
-5.2584
-5.2585
-5.2585
-5.2586
-5.2587
-5.2588
-5.2589
-5.2590
-5.2590
-5.2591
-5.2592
-5.2593
-5.2594
-5.2595
-5.2596
-5.2596
-5.2597
-5.2598
-5.2599
-5.2600
-5.2601
-5.2601
-5.2602
-5.2603
-5.2604
-5.2605
-5.2606
-5.2607
-5.2607
-5.2608
-5.2609
-5.2610
-5.2611
-5.2612
-5.2612
-5.2613
-5.2614
-5.2615
-5.2616
-5.2617
-5.2617
-5.2618
-5.2619
-5.2620
-5.2621
-5.2622
-5.2623
-5.2623
-5.2624
-5.2625
-5.2626
-5.2627
-5.2628
-5.2628
-5.2629
-5.2630
-5.2631
-5.2632
-5.2633
-5.2633
-5.2634
-5.2635
-5.2636
-5.2637
-5.2638
-5.2639
-5.2639
-5.2640
-5.2641
-5.2642
-5.2643
-5.2644
-5.2644
-5.2645
-5.2646
-5.2647
-5.2648
-5.2649
-5.2649
-5.2650
-5.2651
-5.2652
-5.2653
-5.2654
-5.2655
-5.2655
-5.2656
-5.2657
-5.2658
-5.2659
-5.2660
-5.2660
-5.2661
-5.2662
-5.2663
-5.2664
-5.2665
-5.2665
-5.2666
-5.2667
-5.2668
-5.2669
-5.2670
-5.2671
-5.2671
-5.2672
-5.2673
-5.2674
-5.2675
-5.2676
-5.2676
-5.2677
-5.2678
-5.2679
-5.2680
-5.2681
-5.2682
-5.2682
-5.2683
-5.2684
-5.2685
-5.2686
-5.2687
-5.2687
-5.2688
-5.2689
-5.2690
-5.2691
-5.2692
-5.2692
-5.2693
-5.2694
-5.2695
-5.2696
-5.2697
-5.2698
-5.2698
-5.2699
-5.2700
-5.2701
-5.2702
-5.2703
-5.2703
-5.2704
-5.2705
-5.2706
-5.2707
-5.2708
-5.2708
-5.2709
-5.2710
-5.2711
-5.2712
-5.2713
-5.2714
-5.2714
-5.2715
-5.2716
-5.2717
-5.2718
-5.2719
-5.2719
-5.2720
-5.2721
-5.2722
-5.2723
-5.2724
-5.2724
-5.2725
-5.2726
-5.2727
-5.2728
-5.2729
-5.2730
-5.2730
-5.2731
-5.2732
-5.2733
-5.2734
-5.2735
-5.2735
-5.2736
-5.2737
-5.2738
-5.2739
-5.2740
-5.2741
-5.2741
-5.2742
-5.2743
-5.2744
-5.2745
-5.2746
-5.2746
-5.2747
-5.2748
-5.2749
-5.2750
-5.2751
-5.2751
-5.2752
-5.2753
-5.2754
-5.2755
-5.2756
-5.2757
-5.2757
-5.2758
-5.2759
-5.2760
-5.2761
-5.2762
-5.2762
-5.2763
-5.2764
-5.2765
-5.2766
-5.2767
-5.2767
-5.2768
-5.2769
-5.2770
-5.2771
-5.2772
-5.2773
-5.2773
-5.2774
-5.2775
-5.2776
-5.2777
-5.2778
-5.2778
-5.2779
-5.2780
-5.2781
-5.2782
-5.2783
-5.2783
-5.2784
-5.2785
-5.2786
-5.2787
-5.2788
-5.2789
-5.2789
-5.2790
-5.2791
-5.2792
-5.2793
-5.2794
-5.2794
-5.2795
-5.2796
-5.2797
-5.2798
-5.2799
-5.2800
-5.2800
-5.2801
-5.2802
-5.2803
-5.2804
-5.2805
-5.2805
-5.2806
-5.2807
-5.2808
-5.2809
-5.2810
-5.2810
-5.2811
-5.2812
-5.2813
-5.2814
-5.2815
-5.2816
-5.2816
-5.2817
-5.2818
-5.2819
-5.2820
-5.2821
-5.2821
-5.2822
-5.2823
-5.2824
-5.2825
-5.2826
-5.2826
-5.2827
-5.2828
-5.2829
-5.2830
-5.2831
-5.2832
-5.2832
-5.2833
-5.2834
-5.2835
-5.2836
-5.2837
-5.2837
-5.2838
-5.2839
-5.2840
-5.2841
-5.2842
-5.2842
-5.2843
-5.2844
-5.2845
-5.2846
-5.2847
-5.2848
-5.2848
-5.2849
-5.2850
-5.2851
-5.2852
-5.2853
-5.2853
-5.2854
-5.2855
-5.2856
-5.2857
-5.2858
-5.2859
-5.2859
-5.2860
-5.2861
-5.2862
-5.2863
-5.2864
-5.2864
-5.2865
-5.2866
-5.2867
-5.2868
-5.2869
-5.2869
-5.2870
-5.2871
-5.2872
-5.2873
-5.2874
-5.2875
-5.2875
-5.2876
-5.2877
-5.2878
-5.2879
-5.2880
-5.2880
-5.2881
-5.2882
-5.2883
-5.2884
-5.2885
-5.2885
-5.2886
-5.2887
-5.2888
-5.2889
-5.2890
-5.2891
-5.2891
-5.2892
-5.2893
-5.2894
-5.2895
-5.2896
-5.2896
-5.2897
-5.2898
-5.2899
-5.2900
-5.2901
-5.2902
-5.2902
-5.2903
-5.2904
-5.2905
-5.2906
-5.2907
-5.2907
-5.2908
-5.2909
-5.2910
-5.2911
-5.2912
-5.2912
-5.2913
-5.2914
-5.2915
-5.2916
-5.2917
-5.2918
-5.2918
-5.2919
-5.2920
-5.2921
-5.2922
-5.2923
-5.2923
-5.2924
-5.2925
-5.2926
-5.2927
-5.2928
-5.2928
-5.2929
-5.2930
-5.2931
-5.2932
-5.2933
-5.2934
-5.2934
-5.2935
-5.2936
-5.2937
-5.2938
-5.2939
-5.2939
-5.2940
-5.2941
-5.2942
-5.2943
-5.2944
-5.2945
-5.2945
-5.2946
-5.2947
-5.2948
-5.2949
-5.2950
-5.2950
-5.2951
-5.2952
-5.2953
-5.2954
-5.2955
-5.2955
-5.2956
-5.2957
-5.2958
-5.2959
-5.2960
-5.2961
-5.2961
-5.2962
-5.2963
-5.2964
-5.2965
-5.2966
-5.2966
-5.2967
-5.2968
-5.2969
-5.2970
-5.2971
-5.2971
-5.2972
-5.2973
-5.2974
-5.2975
-5.2976
-5.2977
-5.2977
-5.2978
-5.2979
-5.2980
-5.2981
-5.2982
-5.2982
-5.2983
-5.2984
-5.2985
-5.2986
-5.2987
-5.2988
-5.2988
-5.2989
-5.2990
-5.2991
-5.2992
-5.2993
-5.2993
-5.2994
-5.2995
-5.2996
-5.2997
-5.2998
-5.2998
-5.2999
-5.3000
-5.3001
-5.3002
-5.3003
-5.3004
-5.3004
-5.3005
-5.3006
-5.3007
-5.3008
-5.3009
-5.3009
-5.3010
-5.3011
-5.3012
-5.3013
-5.3014
-5.3014
-5.3015
-5.3016
-5.3017
-5.3018
-5.3019
-5.3020
-5.3020
-5.3021
-5.3022
-5.3023
-5.3024
-5.3025
-5.3025
-5.3026
-5.3027
-5.3028
-5.3029
-5.3030
-5.3031
-5.3031
-5.3032
-5.3033
-5.3034
-5.3035
-5.3036
-5.3036
-5.3037
-5.3038
-5.3039
-5.3040
-5.3041
-5.3041
-5.3042
-5.3043
-5.3044
-5.3045
-5.3046
-5.3047
-5.3047
-5.3048
-5.3049
-5.3050
-5.3051
-5.3052
-5.3052
-5.3053
-5.3054
-5.3055
-5.3056
-5.3057
-5.3057
-5.3058
-5.3059
-5.3060
-5.3061
-5.3062
-5.3063
-5.3063
-5.3064
-5.3065
-5.3066
-5.3067
-5.3068
-5.3068
-5.3069
-5.3070
-5.3071
-5.3072
-5.3073
-5.3074
-5.3074
-5.3075
-5.3076
-5.3077
-5.3078
-5.3079
-5.3079
-5.3080
-5.3081
-5.3082
-5.3083
-5.3084
-5.3084
-5.3085
-5.3086
-5.3087
-5.3088
-5.3089
-5.3090
-5.3090
-5.3091
-5.3092
-5.3093
-5.3094
-5.3095
-5.3095
-5.3096
-5.3097
-5.3098
-5.3099
-5.3100
-5.3100
-5.3101
-5.3102
-5.3103
-5.3104
-5.3105
-5.3106
-5.3106
-5.3107
-5.3108
-5.3109
-5.3110
-5.3111
-5.3111
-5.3112
-5.3113
-5.3114
-5.3115
-5.3116
-5.3117
-5.3117
-5.3118
-5.3119
-5.3120
-5.3121
-5.3122
-5.3122
-5.3123
-5.3124
-5.3125
-5.3126
-5.3127
-5.3127
-5.3128
-5.3129
-5.3130
-5.3131
-5.3132
-5.3133
-5.3133
-5.3134
-5.3135
-5.3136
-5.3137
-5.3138
-5.3138
-5.3139
-5.3140
-5.3141
-5.3142
-5.3143
-5.3144
-5.3144
-5.3145
-5.3146
-5.3147
-5.3148
-5.3149
-5.3149
-5.3150
-5.3151
-5.3152
-5.3153
-5.3154
-5.3154
-5.3155
-5.3156
-5.3157
-5.3158
-5.3159
-5.3160
-5.3160
-5.3161
-5.3162
-5.3163
-5.3164
-5.3165
-5.3165
-5.3166
-5.3167
-5.3168
-5.3169
-5.3170
-5.3170
-5.3171
-5.3172
-5.3173
-5.3174
-5.3175
-5.3176
-5.3176
-5.3177
-5.3178
-5.3179
-5.3180
-5.3181
-5.3181
-5.3182
-5.3183
-5.3184
-5.3185
-5.3186
-5.3187
-5.3187
-5.3188
-5.3189
-5.3190
-5.3191
-5.3192
-5.3192
-5.3193
-5.3194
-5.3195
-5.3196
-5.3197
-5.3197
-5.3198
-5.3199
-5.3200
-5.3201
-5.3202
-5.3203
-5.3203
-5.3204
-5.3205
-5.3206
-5.3207
-5.3208
-5.3208
-5.3209
-5.3210
-5.3211
-5.3212
-5.3213
-5.3214
-5.3214
-5.3215
-5.3216
-5.3217
-5.3218
-5.3219
-5.3219
-5.3220
-5.3221
-5.3222
-5.3223
-5.3224
-5.3224
-5.3225
-5.3226
-5.3227
-5.3228
-5.3229
-5.3230
-5.3230
-5.3231
-5.3232
-5.3233
-5.3234
-5.3235
-5.3235
-5.3236
-5.3237
-5.3238
-5.3239
-5.3240
-5.3241
-5.3241
-5.3242
-5.3243
-5.3244
-5.3245
-5.3246
-5.3246
-5.3247
-5.3248
-5.3249
-5.3250
-5.3251
-5.3251
-5.3252
-5.3253
-5.3254
-5.3255
-5.3256
-5.3257
-5.3257
-5.3258
-5.3259
-5.3260
-5.3261
-5.3262
-5.3262
-5.3263
-5.3264
-5.3265
-5.3266
-5.3267
-5.3267
-5.3268
-5.3269
-5.3270
-5.3271
-5.3272
-5.3273
-5.3273
-5.3274
-5.3275
-5.3276
-5.3277
-5.3278
-5.3278
-5.3279
-5.3280
-5.3281
-5.3282
-5.3283
-5.3284
-5.3284
-5.3285
-5.3286
-5.3287
-5.3288
-5.3289
-5.3289
-5.3290
-5.3291
-5.3292
-5.3293
-5.3294
-5.3294
-5.3295
-5.3296
-5.3297
-5.3298
-5.3299
-5.3300
-5.3300
-5.3301
-5.3302
-5.3303
-5.3304
-5.3305
-5.3305
-5.3306
-5.3307
-5.3308
-5.3309
-5.3310
-5.3311
-5.3311
-5.3312
-5.3313
-5.3314
-5.3315
-5.3316
-5.3316
-5.3317
-5.3318
-5.3319
-5.3320
-5.3321
-5.3321
-5.3322
-5.3323
-5.3324
-5.3325
-5.3326
-5.3327
-5.3327
-5.3328
-5.3329
-5.3330
-5.3331
-5.3332
-5.3332
-5.3333
-5.3334
-5.3335
-5.3336
-5.3337
-5.3338
-5.3338
-5.3339
-5.3340
-5.3341
-5.3342
-5.3343
-5.3343
-5.3344
-5.3345
-5.3346
-5.3347
-5.3348
-5.3348
-5.3349
-5.3350
-5.3351
-5.3352
-5.3353
-5.3354
-5.3354
-5.3355
-5.3356
-5.3357
-5.3358
-5.3359
-5.3359
-5.3360
-5.3361
-5.3362
-5.3363
-5.3364
-5.3365
-5.3365
-5.3366
-5.3367
-5.3368
-5.3369
-5.3370
-5.3370
-5.3371
-5.3372
-5.3373
-5.3374
-5.3375
-5.3375
-5.3376
-5.3377
-5.3378
-5.3379
-5.3380
-5.3381
-5.3381
-5.3382
-5.3383
-5.3384
-5.3385
-5.3386
-5.3386
-5.3387
-5.3388
-5.3389
-5.3390
-5.3391
-5.3392
-5.3392
-5.3393
-5.3394
-5.3395
-5.3396
-5.3397
-5.3397
-5.3398
-5.3399
-5.3400
-5.3401
-5.3402
-5.3402
-5.3403
-5.3404
-5.3405
-5.3406
-5.3407
-5.3408
-5.3408
-5.3409
-5.3410
-5.3411
-5.3412
-5.3413
-5.3413
-5.3414
-5.3415
-5.3416
-5.3417
-5.3418
-5.3419
-5.3419
-5.3420
-5.3421
-5.3422
-5.3423
-5.3424
-5.3424
-5.3425
-5.3426
-5.3427
-5.3428
-5.3429
-5.3429
-5.3430
-5.3431
-5.3432
-5.3433
-5.3434
-5.3435
-5.3435
-5.3436
-5.3437
-5.3438
-5.3439
-5.3440
-5.3440
-5.3441
-5.3442
-5.3443
-5.3444
-5.3445
-5.3446
-5.3446
-5.3447
-5.3448
-5.3449
-5.3450
-5.3451
-5.3451
-5.3452
-5.3453
-5.3454
-5.3455
-5.3456
-5.3456
-5.3457
-5.3458
-5.3459
-5.3460
-5.3461
-5.3462
-5.3462
-5.3463
-5.3464
-5.3465
-5.3466
-5.3467
-5.3467
-5.3468
-5.3469
-5.3470
-5.3471
-5.3472
-5.3473
-5.3473
-5.3474
-5.3475
-5.3476
-5.3477
-5.3478
-5.3478
-5.3479
-5.3480
-5.3481
-5.3482
-5.3483
-5.3483
-5.3484
-5.3485
-5.3486
-5.3487
-5.3488
-5.3489
-5.3489
-5.3490
-5.3491
-5.3492
-5.3493
-5.3494
-5.3494
-5.3495
-5.3496
-5.3497
-5.3498
-5.3499
-5.3500
-5.3500
-5.3501
-5.3502
-5.3503
-5.3504
-5.3505
-5.3505
-5.3506
-5.3507
-5.3508
-5.3509
-5.3510
-5.3511
-5.3511
-5.3512
-5.3513
-5.3514
-5.3515
-5.3516
-5.3516
-5.3517
-5.3518
-5.3519
-5.3520
-5.3521
-5.3521
-5.3522
-5.3523
-5.3524
-5.3525
-5.3526
-5.3527
-5.3527
-5.3528
-5.3529
-5.3530
-5.3531
-5.3532
-5.3532
-5.3533
-5.3534
-5.3535
-5.3536
-5.3537
-5.3538
-5.3538
-5.3539
-5.3540
-5.3541
-5.3542
-5.3543
-5.3543
-5.3544
-5.3545
-5.3546
-5.3547
-5.3548
-5.3548
-5.3549
-5.3550
-5.3551
-5.3552
-5.3553
-5.3554
-5.3554
-5.3555
-5.3556
-5.3557
-5.3558
-5.3559
-5.3559
-5.3560
-5.3561
-5.3562
-5.3563
-5.3564
-5.3565
-5.3565
-5.3566
-5.3567
-5.3568
-5.3569
-5.3570
-5.3570
-5.3571
-5.3572
-5.3573
-5.3574
-5.3575
-5.3575
-5.3576
-5.3577
-5.3578
-5.3579
-5.3580
-5.3581
-5.3581
-5.3582
-5.3583
-5.3584
-5.3585
-5.3586
-5.3586
-5.3587
-5.3588
-5.3589
-5.3590
-5.3591
-5.3592
-5.3592
-5.3593
-5.3594
-5.3595
-5.3596
-5.3597
-5.3597
-5.3598
-5.3599
-5.3600
-5.3601
-5.3602
-5.3603
-5.3603
-5.3604
-5.3605
-5.3606
-5.3607
-5.3608
-5.3608
-5.3609
-5.3610
-5.3611
-5.3612
-5.3613
-5.3613
-5.3614
-5.3615
-5.3616
-5.3617
-5.3618
-5.3619
-5.3619
-5.3620
-5.3621
-5.3622
-5.3623
-5.3624
-5.3624
-5.3625
-5.3626
-5.3627
-5.3628
-5.3629
-5.3630
-5.3630
-5.3631
-5.3632
-5.3633
-5.3634
-5.3635
-5.3635
-5.3636
-5.3637
-5.3638
-5.3639
-5.3640
-5.3641
-5.3641
-5.3642
-5.3643
-5.3644
-5.3645
-5.3646
-5.3646
-5.3647
-5.3648
-5.3649
-5.3650
-5.3651
-5.3651
-5.3652
-5.3653
-5.3654
-5.3655
-5.3656
-5.3657
-5.3657
-5.3658
-5.3659
-5.3660
-5.3661
-5.3662
-5.3662
-5.3663
-5.3664
-5.3665
-5.3666
-5.3667
-5.3668
-5.3668
-5.3669
-5.3670
-5.3671
-5.3672
-5.3673
-5.3673
-5.3674
-5.3675
-5.3676
-5.3677
-5.3678
-5.3678
-5.3679
-5.3680
-5.3681
-5.3682
-5.3683
-5.3684
-5.3684
-5.3685
-5.3686
-5.3687
-5.3688
-5.3689
-5.3689
-5.3690
-5.3691
-5.3692
-5.3693
-5.3694
-5.3695
-5.3695
-5.3696
-5.3697
-5.3698
-5.3699
-5.3700
-5.3700
-5.3701
-5.3702
-5.3703
-5.3704
-5.3705
-5.3706
-5.3706
-5.3707
-5.3708
-5.3709
-5.3710
-5.3711
-5.3711
-5.3712
-5.3713
-5.3714
-5.3715
-5.3716
-5.3716
-5.3717
-5.3718
-5.3719
-5.3720
-5.3721
-5.3722
-5.3722
-5.3723
-5.3724
-5.3725
-5.3726
-5.3727
-5.3727
-5.3728
-5.3729
-5.3730
-5.3731
-5.3732
-5.3733
-5.3733
-5.3734
-5.3735
-5.3736
-5.3737
-5.3738
-5.3738
-5.3739
-5.3740
-5.3741
-5.3742
-5.3743
-5.3744
-5.3744
-5.3745
-5.3746
-5.3747
-5.3748
-5.3749
-5.3749
-5.3750
-5.3751
-5.3752
-5.3753
-5.3754
-5.3754
-5.3755
-5.3756
-5.3757
-5.3758
-5.3759
-5.3760
-5.3760
-5.3761
-5.3762
-5.3763
-5.3764
-5.3765
-5.3765
-5.3766
-5.3767
-5.3768
-5.3769
-5.3770
-5.3771
-5.3771
-5.3772
-5.3773
-5.3774
-5.3775
-5.3776
-5.3776
end

