((...)(...))
Starting Distribution
0.00, 0.50, 0.50, 0.00
0.00, 0.50, 0.50, 0.00
0.10, 0.00, 0.00, 0.00
0.10, 0.00, 0.00, 0.00
0.10, 0.00, 0.00, 0.00
0.00, 0.50, 0.50, 0.00
0.00, 0.50, 0.50, 0.00
0.10, 0.00, 0.00, 0.00
0.10, 0.00, 0.00, 0.00
0.10, 0.00, 0.00, 0.00
0.00, 0.50, 0.50, 0.00
0.00, 0.50, 0.50, 0.00

Target Structure
((...)(...))
Final Sequence
CCGAAGCGAAGG

Final Distribution
0.00, 1.00, 0.00, 0.00
0.00, 1.00, 0.00, 0.00
0.00, 0.00, 1.00, 0.00
0.35, 0.17, 0.23, 0.24
0.51, 0.00, 0.49, 0.00
0.00, 0.00, 1.00, 0.00
0.00, 1.00, 0.00, 0.00
0.00, 0.00, 1.00, 0.00
0.35, 0.19, 0.22, 0.24
0.52, 0.00, 0.48, 0.00
0.00, 0.00, 1.00, 0.00
0.00, 0.00, 1.00, 0.00


start
30334.1041
30734.8847
30734.5852
30734.1908
30732.9628
30724.3919
30641.1195
29760.2469
20356.2086
10852.9093
8544.3017
1538.5810
1534.8020
1531.0076
1527.1977
1523.3718
1519.5300
1515.6718
1511.7972
1507.9058
1503.9974
1500.0717
1496.1286
1492.1676
1488.1886
1484.1912
1480.1752
1476.1402
1472.0859
1468.0120
1463.9181
1459.8039
1455.6691
1451.5131
1447.3357
1443.1363
1438.9147
1434.6702
1431.4238
1429.7257
1428.0177
1426.2995
1424.5707
1422.8307
1421.0791
1419.3154
1417.5390
1415.7493
1413.9457
1412.1275
1410.2938
1408.5325
1407.0603
1405.5765
1404.0809
1402.6750
1401.4510
1400.2148
1398.9660
1398.0443
1397.2597
1396.4615
1395.6491
1394.8223
1393.9805
1393.1233
1392.2504
1391.3612
1390.4553
1389.5324
1388.5918
1387.6331
1386.6559
1385.6597
1384.6438
1383.6079
1382.5514
1381.4737
1380.3742
1379.2525
1378.1079
1376.9398
1375.7477
1374.5308
1373.2886
1372.0204
1370.7256
1369.4035
1368.0532
1366.6743
1365.2658
1363.8271
1362.3573
1360.8558
1359.3216
1357.7539
1356.1519
1354.5148
1352.8416
1351.1313
1349.3831
1347.5960
1345.7689
1344.3871
1343.0932
1341.7821
1340.4534
1339.1070
1337.7424
1336.3595
1335.1001
1333.8613
1332.6080
1331.3399
1330.0571
1328.7592
1327.4460
1326.1391
1324.9332
1323.7147
1322.4833
1321.2391
1319.9817
1318.7111
1317.4272
1316.1298
1314.8188
1313.4940
1312.1552
1310.8024
1309.4353
1308.0538
1306.6578
1305.2471
1303.8216
1302.3810
1300.9252
1299.9776
1299.1937
1298.4095
1297.6250
1296.8402
1296.0551
1295.2696
1294.4838
1293.6977
1292.9112
1292.1244
1291.3373
1290.5498
1289.7620
1288.9738
1288.1853
1287.3964
1286.6072
1285.8176
1285.0276
1284.2373
1283.4467
1282.6556
1281.8642
1281.0724
1280.2803
1279.4877
1278.6948
1277.9015
1277.1078
1276.3137
1275.5703
1275.1663
1275.1253
1275.1141
1275.1029
1275.0917
1275.0805
1275.0693
1275.0581
1275.0468
1275.0356
1275.0243
1275.0130
1275.0017
1274.9904
1274.9791
1274.9678
1274.9565
1274.9452
1274.9338
1274.9225
1274.9111
1274.8997
1274.8883
1274.8769
1274.8655
1274.8541
1274.8426
1274.8312
1274.8197
1274.8083
1274.7968
end

