8 2 3060
1 0 1086
23 50 2296
26 3 1106
15 20 2034
30 48 1838
88 112 2555
41 1814 2368
3 482 1561
11 693 1877
57 41 2561
66 124 2683
40 69 2760
65 239 1601
20 1245 1573
10 337 1664
33 94 2000
47 142 3419
62 192 2067
27 187 1434
67 607 2507
25 172 2481
44 22 2524
45 144 1764
13 1059 1646
18 835 2106
61 73 3623
59 61 4446
72 804 3582
75 329 2184
52 892 2550
95 93 2199
43 3999 4511
71 3833 6553
54 1276 1612
34 1139 3075
46 100 1894
87 467 3433
89 4333 6110
14 857 2000
92 343 4479
5 251 271
49 697 3052
79 3699 5063
31 195 243
48 115 385
55 84 450
37 3750 5580
19 173 452
24 328 406
84 140 415
16 221 1911
17 144 1982
21 292 377
29 282 344
50 592 817
60 1251 4957
77 143 5383
64 1417 1961
58 262 280
2 367 482
42 4895 6672
93 92 717
83 215 3634
32 1344 1444
35 524 779
36 259 632
39 137 163
70 5530 6367
4 197 199
69 2279 5580
98 2237 6492
81 301 6409
12 2658 3541
82 1931 5567
9 4252 4795
68 1183 2244
7 4246 4966
78 5207 5237
38 2888 3583
51 652 682
86 1583 1983
96 2470 2526
99 1300 1321
73 1216 1220
28 1846 1961
6 2161 2209
74 1772 3037
100 7830 8544
56 1205 1305
85 3566 3703
94 1495 2612
91 2049 4126
76 2428 2759
80 1664 2649
90 2035 2043
22 143 6633
97 2854 2967
63 2535 2582
53 7440 9522
