8 2 2000
1 0 1086
23 50 2000
26 3 1106
15 20 2000
30 48 1838
88 112 2000
41 1814 2000
3 482 1561
11 693 1877
57 41 2000
66 124 2000
40 69 2000
65 239 1601
20 1245 1573
10 337 1664
33 94 2000
47 142 2000
62 192 2000
27 187 1434
67 607 2000
25 172 2000
44 22 2000
45 144 1764
13 1059 1646
18 835 2000
61 73 2000
59 61 2000
72 804 2000
75 329 2000
52 892 2000
95 93 2000
43 1424 2000
71 950 2000
54 1276 1612
34 1139 2000
46 100 1894
87 467 2000
89 1475 2000
14 857 2000
92 343 2000
5 251 271
49 697 2000
79 1810 2000
31 195 243
48 115 385
55 84 450
37 1858 2000
19 173 452
24 328 406
84 140 415
16 221 1911
17 144 1982
21 292 377
29 282 344
50 592 817
60 1251 2000
77 143 2000
64 1417 1961
58 262 280
2 367 482
42 1811 2000
93 92 717
83 215 2000
32 1344 1444
35 524 779
36 259 632
39 137 163
70 1507 2000
4 197 199
69 1419 2000
98 1774 2000
81 301 2000
12 1519 2000
82 1931 2000
9 1851 2000
68 1183 2000
7 1259 2000
78 1949 2000
38 1564 2000
51 652 682
86 1583 1983
96 1991 2000
99 1300 1321
73 1216 1220
28 1846 1961
6 1999 2000
74 1772 2000
100 1258 2000
56 1205 1305
85 1996 2000
94 1495 2000
91 1797 2000
76 1753 2000
80 1664 2000
90 1939 2000
22 143 2000
97 1917 2000
63 1788 2000
53 1933 2000
