8 2 2000 2 2000
1 0 1086 0 1086
23 50 2000 50 2000
26 3 1106 3 1106
15 20 2000 20 2000
30 48 1838 48 1838
88 112 2000 112 2000
41 1814 2000 1814 2000
3 482 1561 482 1561
11 693 1877 693 1877
57 41 2000 41 2000
66 124 2000 124 2000
40 69 2000 69 2000
65 239 1601 239 1601
20 1245 1573 1245 1573
10 337 1664 337 1664
33 94 2000 94 2000
47 142 2000 142 2000
62 192 2000 192 2000
27 187 1434 187 1434
67 607 2000 607 2000
25 172 2000 172 2000
44 22 2000 22 2000
45 144 1764 144 1764
13 1059 1646 1059 1646
18 835 2000 835 2000
61 73 2000 73 2000
59 61 2000 61 2000
72 804 2000 804 2000
75 329 2000 329 2000
52 892 2000 892 2000
95 93 2000 93 2000
43 1424 2000 1424 2000
71 950 2000 950 2000
54 1276 1612 1276 1612
34 1139 2000 1139 2000
46 100 1894 100 1894
87 467 2000 467 2000
89 1475 2000 1475 2000
14 857 2000 857 2000
92 343 2000 343 2000
5 251 271 251 271
49 697 2000 697 2000
79 1810 2000 1810 2000
31 195 243 195 243
48 115 385 115 385
55 84 450 84 450
37 1858 2000 1858 2000
19 173 452 173 452
24 328 406 328 406
84 140 415 140 415
16 221 1911 221 1911
17 144 1982 144 1982
21 292 377 292 377
29 282 344 282 344
50 592 817 592 817
60 1251 2000 1251 2000
77 143 2000 143 2000
64 1417 1961 1417 1961
58 262 280 262 280
2 367 482 367 482
42 1811 2000 1811 2000
93 92 717 92 717
83 215 2000 215 2000
32 1344 1444 1344 1444
35 524 779 524 779
36 259 632 259 632
39 137 163 137 163
70 1507 2000 1507 2000
4 197 199 197 199
69 1419 2000 634 821
98 1774 2000 1492 1642
81 301 2000 301 1030
12 1519 2000 466 500
82 1931 2000 514 578
9 1851 2000 630 831
68 1183 2000 1183 1498
7 1259 2000 678 852
78 1949 2000 1949 2000
38 1564 2000 956 1029
51 652 682 652 682
86 1583 1983 1583 1827
96 1991 2000 1991 2000
99 1300 1321 1300 1321
73 1216 1220 1216 1220
28 1846 1961 561 760
6 1999 2000 660 814
74 1772 2000 1772 2000
100 1258 2000 1258 1758
56 1205 1305 536 684
85 1996 2000 1465 1533
94 1495 2000 1404 1416
91 1797 2000 1797 1923
76 1753 2000 1753 2000
80 1664 2000 1262 1460
90 1939 2000 1939 2000
22 143 143 143 143
97 1917 2000 1175 1318
63 1788 2000 940 1090
53 1933 2000 1243 1318
