8 2 2000 2 389
1 0 1086 0 280
23 50 2000 50 528
26 3 1106 3 399
15 20 2000 20 474
30 48 1838 48 383
88 112 2000 112 478
41 1814 2000 169 813
3 482 1561 197 264
11 693 1877 478 559
57 41 2000 41 454
66 124 2000 124 1237
40 69 2000 69 585
65 239 1601 239 513
20 1245 1573 314 349
10 337 1664 337 503
33 94 2000 94 482
47 142 2000 142 488
62 192 2000 192 792
27 187 1434 187 444
67 607 2000 607 618
25 172 2000 172 728
44 22 2000 22 606
45 144 1764 144 616
13 1059 1646 314 319
18 835 2000 372 685
61 73 2000 73 577
59 61 2000 61 558
72 804 2000 804 881
75 329 2000 329 439
52 892 2000 892 902
95 93 2000 93 715
43 1424 2000 1210 1313
71 950 2000 950 1154
54 1276 1612 497 532
34 1139 2000 441 642
46 100 1894 100 521
87 467 2000 467 1146
89 1475 2000 1475 1974
14 857 2000 857 960
92 343 2000 343 930
5 251 271 251 271
49 697 2000 697 1090
79 1810 2000 440 556
31 195 243 195 243
48 115 385 115 385
55 84 450 84 450
37 1858 2000 1079 1144
19 173 452 173 452
24 328 406 328 406
84 140 415 140 415
16 221 1911 221 1032
17 144 1982 144 930
21 292 377 292 377
29 282 344 282 344
50 592 817 592 724
60 1251 2000 1251 1477
77 143 2000 143 1054
64 1417 1961 186 836
58 262 280 262 280
2 367 482 367 482
42 1811 2000 856 1081
93 92 717 92 717
83 215 2000 215 1193
32 1344 1444 532 726
35 524 779 524 779
36 259 632 259 586
39 137 163 137 163
70 1507 2000 1132 1358
4 197 199 197 199
69 1419 2000 634 1128
98 1774 2000 1774 2000
81 301 2000 301 1035
12 1519 2000 845 908
82 1931 2000 886 1068
9 1851 2000 1180 1192
68 1183 2000 1183 1503
7 1259 2000 1080 1198
78 1949 2000 1949 2000
38 1564 2000 1034 1342
51 652 682 652 682
86 1583 1983 1583 1983
96 1991 2000 1991 2000
99 1300 1321 1300 1321
73 1216 1220 1216 1220
28 1846 1961 1257 1264
6 1999 2000 845 988
74 1772 2000 1772 2000
100 1258 2000 1258 2000
56 1205 1305 963 1042
85 1996 2000 1465 1540
94 1495 2000 1495 1621
91 1797 2000 1797 2000
76 1753 2000 1753 2000
80 1664 2000 1262 1543
90 1939 2000 1939 2000
22 143 2000 143 1788
97 1917 2000 1518 1540
63 1788 2000 940 1097
53 1933 2000 1243 1324
