Number of Steps:   1000, Learning Rate: 0.00100
Starting Distribution
0.00, 0.49, 0.51, 0.00
0.00, 0.49, 0.51, 0.00
0.00, 0.51, 0.49, 0.00
0.00, 0.49, 0.51, 0.00
0.00, 0.51, 0.49, 0.00
0.00, 0.49, 0.51, 0.00
1.00, 0.00, 0.00, 0.00
0.00, 0.49, 0.51, 0.00
0.00, 0.51, 0.49, 0.00
0.00, 0.51, 0.49, 0.00
0.00, 0.49, 0.51, 0.00
0.00, 0.51, 0.49, 0.00
0.00, 0.49, 0.51, 0.00
0.00, 0.49, 0.51, 0.00
0.00, 0.49, 0.51, 0.00
1.00, 0.00, 0.00, 0.00
1.00, 0.00, 0.00, 0.00
1.00, 0.00, 0.00, 0.00
1.00, 0.00, 0.00, 0.00
0.00, 0.51, 0.49, 0.00
0.00, 0.51, 0.49, 0.00
0.00, 0.51, 0.49, 0.00
0.00, 0.49, 0.51, 0.00
0.00, 0.51, 0.49, 0.00
1.00, 0.00, 0.00, 0.00
0.00, 0.49, 0.51, 0.00
0.00, 0.51, 0.49, 0.00
1.00, 0.00, 0.00, 0.00
0.00, 0.49, 0.51, 0.00
1.00, 0.00, 0.00, 0.00
0.00, 0.51, 0.49, 0.00
0.00, 0.49, 0.51, 0.00
0.00, 0.51, 0.49, 0.00
0.00, 0.49, 0.51, 0.00
0.00, 0.49, 0.51, 0.00
0.00, 0.49, 0.51, 0.00

Final Sequence
((((((.((((((((....))))).)).).))))))
GCCGCGGGCCGCGGGGAAACCCGCAGGACGCGCGGC

free energy: -26.70000 kcal/mol
free energy of ensemble: -27.05578 kcal/mol
p(y|x) =   0.5614

Final Distribution
 1: 0.00, 0.00, 1.00, 0.00
 2: 0.00, 1.00, 0.00, 0.00
 3: 0.00, 1.00, 0.00, 0.00
 4: 0.00, 0.00, 1.00, 0.00
 5: 0.00, 1.00, 0.00, 0.00
 6: 0.00, 0.00, 1.00, 0.00
 7: 0.16, 0.30, 0.54, 0.00
 8: 0.00, 0.00, 1.00, 0.00
 9: 0.00, 1.00, 0.00, 0.00
10: 0.00, 1.00, 0.00, 0.00
11: 0.00, 0.00, 1.00, 0.00
12: 0.00, 1.00, 0.00, 0.00
13: 0.00, 0.00, 1.00, 0.00
14: 0.00, 0.00, 1.00, 0.00
15: 0.00, 0.00, 1.00, 0.00
16: 0.00, 0.00, 1.00, 0.00
17: 1.00, 0.00, 0.00, 0.00
18: 1.00, 0.00, 0.00, 0.00
19: 1.00, 0.00, 0.00, 0.00
20: 0.00, 1.00, 0.00, 0.00
21: 0.00, 1.00, 0.00, 0.00
22: 0.00, 1.00, 0.00, 0.00
23: 0.00, 0.00, 1.00, 0.00
24: 0.00, 1.00, 0.00, 0.00
25: 1.00, 0.00, 0.00, 0.00
26: 0.00, 0.00, 1.00, 0.00
27: 0.00, 0.00, 1.00, 0.00
28: 1.00, 0.00, 0.00, 0.00
29: 0.00, 1.00, 0.00, 0.00
30: 0.40, 0.00, 0.60, 0.00
31: 0.00, 1.00, 0.00, 0.00
32: 0.00, 0.00, 1.00, 0.00
33: 0.00, 1.00, 0.00, 0.00
34: 0.00, 0.00, 1.00, 0.00
35: 0.00, 0.00, 1.00, 0.00
36: 0.00, 1.00, 0.00, 0.00


Total Time: 35.48 seconds.
Average Time: 0.0355 seconds.
Step, Sequence, -log p(y|x), p(y|x)
    0, CCCGCGACCCGCGGGAAAACCCGCAGGAGACGCGGG,     0.5743,     0.5631
    1, GCCGCGAGCCGCGGGAAAACCCGCAGGACACGCGGC,     0.0000,     1.0000
  476, GCCGCGAGCCGCGGGGAAACCCGCAGGACACGCGGC,     0.0000,     1.0000
  776, GCCGCGCGCCGCGGGGAAACCCGCAGGACACGCGGC,     0.0000,     1.0000
  876, GCCGCGGGCCGCGGGGAAACCCGCAGGACACGCGGC,     0.0000,     1.0000
  901, GCCGCGGGCCGCGGGGAAACCCGCAGGACGCGCGGC,     0.0000,     1.0000

start
10740.6464
10731.8087
10687.9131
10441.0390
8999.0139
3765.3527
3475.3757
3450.6721
3267.1337
2395.8618
1954.0988
1706.4371
428.3528
-25.7691
-25.9017
-26.0339
-26.1656
-26.2970
-26.4279
-26.5585
-26.6887
-26.8184
-26.9478
-27.0768
-27.2054
-27.3336
-27.4614
-27.5889
-27.7159
-27.8426
-27.9689
-28.0948
-28.2204
-28.3456
-28.4704
-28.5949
-28.7190
-28.8427
-28.9660
-29.0890
-29.2117
-29.3340
-29.4559
-29.5775
-29.6988
-29.8197
-29.9402
-30.0604
-30.1803
-30.2998
-30.4190
-30.5378
-30.6563
-30.7745
-30.8924
-31.0099
-31.1271
-31.2439
-31.3605
-31.4767
-31.5926
-31.7082
-31.8235
-31.9384
-32.0530
-32.1674
-32.2814
-32.3951
-32.5085
-32.6216
-32.7344
-32.8468
-32.9590
-33.0709
-33.1825
-33.2938
-33.4048
-33.5155
-33.6260
-33.7361
-33.8459
-33.9555
-34.0648
-34.1738
-34.2825
-34.3909
-34.4991
-34.6070
-34.7146
-34.8219
-34.9290
-35.0358
-35.1423
-35.2485
-35.3545
-35.4603
-35.5657
-35.6709
-35.7759
-35.8806
-35.9850
-36.0870
-36.1782
-36.2691
-36.3598
-36.4503
-36.5403
-36.6087
-36.6689
-36.7233
-36.7776
-36.8317
-36.8857
-36.9395
-36.9932
-37.0468
-37.1002
-37.1534
-37.2065
-37.2594
-37.3122
-37.3649
-37.4174
-37.4698
-37.5220
-37.5741
-37.6260
-37.6778
-37.7295
-37.7810
-37.8324
-37.8816
-37.9274
-37.9731
-38.0140
-38.0452
-38.0765
-38.1077
-38.1330
-38.1579
-38.1728
-38.1850
-38.1971
-38.2092
-38.2214
-38.2335
-38.2456
-38.2577
-38.2699
-38.2820
-38.2941
-38.3062
-38.3184
-38.3305
-38.3426
-38.3547
-38.3669
-38.3790
-38.3911
-38.4032
-38.4154
-38.4275
-38.4396
-38.4518
-38.4639
-38.4760
-38.4861
-38.4940
-38.5018
-38.5097
-38.5176
-38.5254
-38.5333
-38.5411
-38.5490
-38.5568
-38.5647
-38.5725
-38.5804
-38.5882
-38.5960
-38.6039
-38.6117
-38.6195
-38.6274
-38.6352
-38.6430
-38.6508
-38.6586
-38.6665
-38.6743
-38.6821
-38.6899
-38.6977
-38.7055
-38.7133
-38.7211
-38.7289
-38.7367
-38.7445
-38.7523
-38.7601
-38.7679
-38.7757
-38.7835
-38.7913
-38.7991
-38.8069
-38.8128
-38.8180
-38.8232
-38.8284
-38.8337
-38.8389
-38.8441
-38.8493
-38.8545
-38.8597
-38.8649
-38.8701
-38.8753
-38.8805
-38.8857
-38.8909
-38.8961
-38.9013
-38.9065
-38.9117
-38.9169
-38.9221
-38.9273
-38.9325
-38.9377
-38.9429
-38.9481
-38.9533
-38.9585
-38.9637
-38.9689
-38.9741
-38.9793
-38.9845
-38.9897
-38.9949
-39.0001
-39.0053
-39.0106
-39.0158
-39.0210
-39.0262
-39.0314
-39.0366
-39.0418
-39.0470
-39.0523
-39.0575
-39.0627
-39.0679
-39.0732
-39.0784
-39.0836
-39.0888
-39.0941
-39.0993
-39.1045
-39.1098
-39.1150
-39.1202
-39.1255
-39.1307
-39.1360
-39.1412
-39.1465
-39.1517
-39.1570
-39.1622
-39.1675
-39.1727
-39.1780
-39.1833
-39.1885
-39.1938
-39.1991
-39.2043
-39.2096
-39.2149
-39.2202
-39.2255
-39.2308
-39.2361
-39.2413
-39.2466
-39.2519
-39.2572
-39.2626
-39.2679
-39.2732
-39.2785
-39.2838
-39.2891
-39.2945
-39.2998
-39.3051
-39.3104
-39.3158
-39.3211
-39.3265
-39.3318
-39.3372
-39.3425
-39.3479
-39.3533
-39.3586
-39.3640
-39.3694
-39.3748
-39.3801
-39.3855
-39.3909
-39.3963
-39.4017
-39.4071
-39.4125
-39.4179
-39.4234
-39.4288
-39.4342
-39.4396
-39.4450
-39.4491
-39.4532
-39.4572
-39.4613
-39.4654
-39.4694
-39.4735
-39.4776
-39.4817
-39.4857
-39.4898
-39.4939
-39.4979
-39.5020
-39.5061
-39.5101
-39.5142
-39.5182
-39.5223
-39.5264
-39.5304
-39.5345
-39.5386
-39.5426
-39.5467
-39.5508
-39.5548
-39.5589
-39.5629
-39.5670
-39.5711
-39.5751
-39.5792
-39.5833
-39.5873
-39.5914
-39.5955
-39.5995
-39.6036
-39.6077
-39.6117
-39.6158
-39.6199
-39.6239
-39.6280
-39.6321
-39.6361
-39.6402
-39.6443
-39.6484
-39.6524
-39.6565
-39.6606
-39.6647
-39.6687
-39.6728
-39.6769
-39.6810
-39.6850
-39.6891
-39.6932
-39.6973
-39.7014
-39.7055
-39.7096
-39.7137
-39.7177
-39.7218
-39.7259
-39.7300
-39.7341
-39.7382
-39.7423
-39.7464
-39.7505
-39.7546
-39.7587
-39.7629
-39.7670
-39.7711
-39.7752
-39.7793
-39.7834
-39.7875
-39.7917
-39.7958
-39.7999
-39.8040
-39.8082
-39.8123
-39.8164
-39.8206
-39.8247
-39.8289
-39.8330
-39.8372
-39.8413
-39.8455
-39.8496
-39.8538
-39.8579
-39.8621
-39.8662
-39.8704
-39.8746
-39.8787
-39.8829
-39.8871
-39.8913
-39.8955
-39.8996
-39.9038
-39.9080
-39.9122
-39.9164
-39.9206
-39.9248
-39.9290
-39.9332
-39.9375
-39.9417
-39.9459
-39.9501
-39.9543
-39.9586
-39.9628
-39.9670
-39.9713
-39.9755
-39.9798
-39.9840
-39.9883
-39.9925
-39.9968
-40.0010
-40.0053
-40.0096
-40.0139
-40.0181
-40.0224
-40.0267
-40.0310
-40.0353
-40.0396
-40.0439
-40.0482
-40.0525
-40.0568
-40.0611
-40.0655
-40.0698
-40.0741
-40.0785
-40.0828
-40.0871
-40.0915
-40.0958
-40.0999
-40.1041
-40.1082
-40.1123
-40.1164
-40.1205
-40.1246
-40.1288
-40.1329
-40.1370
-40.1411
-40.1452
-40.1494
-40.1535
-40.1576
-40.1617
-40.1659
-40.1700
-40.1741
-40.1782
-40.1824
-40.1865
-40.1906
-40.1947
-40.1989
-40.2030
-40.2071
-40.2113
-40.2154
-40.2195
-40.2237
-40.2278
-40.2319
-40.2361
-40.2402
-40.2443
-40.2485
-40.2526
-40.2568
-40.2609
-40.2651
-40.2692
-40.2733
-40.2775
-40.2816
-40.2858
-40.2899
-40.2941
-40.2982
-40.3024
-40.3065
-40.3107
-40.3148
-40.3190
-40.3232
-40.3273
-40.3315
-40.3356
-40.3398
-40.3440
-40.3481
-40.3523
-40.3565
-40.3606
-40.3648
-40.3690
-40.3732
-40.3773
-40.3815
-40.3857
-40.3899
-40.3940
-40.3982
-40.4024
-40.4066
-40.4108
-40.4150
-40.4192
-40.4234
-40.4275
-40.4317
-40.4359
-40.4401
-40.4443
-40.4485
-40.4527
-40.4569
-40.4612
-40.4654
-40.4696
-40.4738
-40.4780
-40.4822
-40.4864
-40.4907
-40.4949
-40.4991
-40.5033
-40.5076
-40.5118
-40.5160
-40.5202
-40.5245
-40.5287
-40.5330
-40.5372
-40.5414
-40.5457
-40.5499
-40.5542
-40.5584
-40.5627
-40.5669
-40.5712
-40.5755
-40.5797
-40.5840
-40.5883
-40.5925
-40.5968
-40.6011
-40.6054
-40.6096
-40.6139
-40.6182
-40.6225
-40.6268
-40.6311
-40.6354
-40.6397
-40.6440
-40.6483
-40.6526
-40.6569
-40.6612
-40.6655
-40.6698
-40.6741
-40.6785
-40.6828
-40.6871
-40.6914
-40.6958
-40.7001
-40.7044
-40.7088
-40.7131
-40.7175
-40.7218
-40.7262
-40.7305
-40.7349
-40.7392
-40.7436
-40.7480
-40.7523
-40.7567
-40.7611
-40.7655
-40.7699
-40.7742
-40.7786
-40.7830
-40.7874
-40.7918
-40.7962
-40.8006
-40.8050
-40.8094
-40.8139
-40.8183
-40.8227
-40.8271
-40.8316
-40.8360
-40.8404
-40.8449
-40.8493
-40.8538
-40.8582
-40.8627
-40.8671
-40.8716
-40.8761
-40.8805
-40.8850
-40.8895
-40.8940
-40.8984
-40.9029
-40.9074
-40.9119
-40.9164
-40.9209
-40.9254
-40.9299
-40.9345
-40.9390
-40.9435
-40.9480
-40.9526
-40.9571
-40.9617
-40.9662
-40.9707
-40.9753
-40.9799
-40.9844
-40.9890
-40.9936
-40.9981
-41.0027
-41.0073
-41.0119
-41.0165
-41.0211
-41.0257
-41.0303
-41.0349
-41.0395
-41.0442
-41.0488
-41.0534
-41.0581
-41.0627
-41.0674
-41.0720
-41.0767
-41.0813
-41.0860
-41.0907
-41.0953
-41.1000
-41.1047
-41.1094
-41.1141
-41.1188
-41.1235
-41.1282
-41.1330
-41.1377
-41.1424
-41.1471
-41.1519
-41.1566
-41.1614
-41.1661
-41.1709
-41.1757
-41.1805
-41.1852
-41.1900
-41.1948
-41.1996
-41.2044
-41.2092
-41.2140
-41.2189
-41.2237
-41.2285
-41.2334
-41.2382
-41.2431
-41.2479
-41.2528
-41.2577
-41.2625
-41.2674
-41.2723
-41.2772
-41.2821
-41.2870
-41.2919
-41.2968
-41.3018
-41.3067
-41.3117
-41.3166
-41.3216
-41.3265
-41.3315
-41.3365
-41.3414
-41.3464
-41.3514
-41.3564
-41.3614
-41.3664
-41.3713
-41.3763
-41.3813
-41.3862
-41.3912
-41.3962
-41.4012
-41.4062
-41.4112
-41.4162
-41.4213
-41.4263
-41.4313
-41.4364
-41.4414
-41.4465
-41.4516
-41.4566
-41.4617
-41.4668
-41.4719
-41.4770
-41.4821
-41.4872
-41.4924
-41.4975
-41.5027
-41.5078
-41.5130
-41.5181
-41.5233
-41.5285
-41.5337
-41.5389
-41.5441
-41.5493
-41.5545
-41.5597
-41.5650
-41.5702
-41.5755
-41.5807
-41.5860
-41.5913
-41.5966
-41.6019
-41.6072
-41.6125
-41.6178
-41.6231
-41.6285
-41.6338
-41.6392
-41.6445
-41.6499
-41.6553
-41.6607
-41.6661
-41.6715
-41.6769
-41.6824
-41.6878
-41.6933
-41.6987
-41.7042
-41.7097
-41.7152
-41.7207
-41.7262
-41.7317
-41.7372
-41.7427
-41.7483
-41.7539
-41.7594
-41.7650
-41.7706
-41.7762
-41.7818
-41.7874
-41.7930
-41.7987
-41.8043
-41.8100
-41.8157
-41.8214
-41.8271
-41.8328
-41.8385
-41.8442
-41.8499
-41.8557
-41.8615
-41.8672
-41.8730
-41.8788
-41.8846
-41.8904
-41.8963
-41.9021
-41.9080
-41.9138
-41.9197
-41.9256
-41.9315
-41.9374
-41.9434
-41.9493
-41.9553
-41.9612
-41.9672
-41.9732
-41.9792
-41.9852
-41.9912
-41.9973
-42.0033
-42.0094
-42.0155
-42.0216
-42.0277
-42.0338
-42.0399
-42.0461
-42.0523
-42.0584
-42.0646
-42.0708
-42.0771
-42.0833
-42.0895
-42.0958
-42.1021
-42.1074
-42.1111
-42.1148
-42.1186
-42.1223
-42.1261
-42.1299
-42.1337
-42.1376
-42.1414
-42.1453
-42.1491
-42.1530
-42.1569
-42.1609
-42.1648
-42.1688
-42.1727
-42.1767
-42.1807
-42.1847
-42.1888
-42.1928
-42.1969
-42.2010
-42.2051
-42.2092
-42.2133
-42.2175
-42.2216
-42.2258
-42.2300
-42.2343
-42.2385
-42.2427
-42.2470
-42.2513
-42.2556
-42.2600
-42.2643
-42.2687
-42.2730
-42.2774
-42.2819
-42.2863
-42.2908
-42.2952
-42.2997
-42.3043
-42.3088
-42.3133
-42.3179
-42.3225
-42.3271
-42.3318
-42.3364
-42.3411
-42.3458
-42.3505
-42.3552
-42.3600
-42.3647
-42.3695
-42.3744
-42.3792
-42.3841
-42.3889
-42.3938
-42.3988
-42.4037
-42.4087
-42.4137
-42.4187
-42.4237
-42.4288
-42.4338
-42.4389
-42.4441
-42.4492
-42.4544
-42.4596
-42.4648
-42.4700
-42.4753
-42.4806
-42.4859
-42.4912
-42.4966
-42.5020
-42.5074
-42.5128
-42.5183
-42.5237
end

