Number of Steps:   1000, Learning Rate: 0.00100
Starting Distribution
0.00, 0.49, 0.51, 0.00
0.00, 0.49, 0.51, 0.00
0.00, 0.51, 0.49, 0.00
0.00, 0.49, 0.51, 0.00
0.00, 0.51, 0.49, 0.00
1.00, 0.00, 0.00, 0.00
1.00, 0.00, 0.00, 0.00
1.00, 0.00, 0.00, 0.00
1.00, 0.00, 0.00, 0.00
1.00, 0.00, 0.00, 0.00
0.00, 0.51, 0.49, 0.00
0.00, 0.49, 0.51, 0.00
1.00, 0.00, 0.00, 0.00
1.00, 0.00, 0.00, 0.00
0.00, 0.51, 0.49, 0.00
0.00, 0.49, 0.51, 0.00
1.00, 0.00, 0.00, 0.00
1.00, 0.00, 0.00, 0.00
1.00, 0.00, 0.00, 0.00
1.00, 0.00, 0.00, 0.00
1.00, 0.00, 0.00, 0.00
1.00, 0.00, 0.00, 0.00
1.00, 0.00, 0.00, 0.00
1.00, 0.00, 0.00, 0.00
1.00, 0.00, 0.00, 0.00
0.00, 0.51, 0.49, 0.00
0.00, 0.49, 0.51, 0.00
0.00, 0.51, 0.49, 0.00
0.00, 0.51, 0.49, 0.00
0.00, 0.49, 0.51, 0.00

Final Sequence
(((((.....))..((.........)))))
GGCGCGAAAAGCAACGGAAAAAAAACGGCC

free energy:  1.40000 kcal/mol
free energy of ensemble: -2.84954 kcal/mol
p(y|x) =   0.0010

Final Distribution
 1: 0.00, 0.00, 1.00, 0.00
 2: 0.00, 0.00, 1.00, 0.00
 3: 0.00, 1.00, 0.00, 0.00
 4: 0.00, 0.00, 1.00, 0.00
 5: 0.00, 1.00, 0.00, 0.00
 6: 0.36, 0.00, 0.64, 0.00
 7: 1.00, 0.00, 0.00, 0.00
 8: 1.00, 0.00, 0.00, 0.00
 9: 1.00, 0.00, 0.00, 0.00
10: 1.00, 0.00, 0.00, 0.00
11: 0.00, 0.00, 1.00, 0.00
12: 0.00, 1.00, 0.00, 0.00
13: 1.00, 0.00, 0.00, 0.00
14: 1.00, 0.00, 0.00, 0.00
15: 0.00, 1.00, 0.00, 0.00
16: 0.00, 0.00, 1.00, 0.00
17: 0.00, 0.00, 1.00, 0.00
18: 1.00, 0.00, 0.00, 0.00
19: 1.00, 0.00, 0.00, 0.00
20: 1.00, 0.00, 0.00, 0.00
21: 1.00, 0.00, 0.00, 0.00
22: 1.00, 0.00, 0.00, 0.00
23: 1.00, 0.00, 0.00, 0.00
24: 1.00, 0.00, 0.00, 0.00
25: 1.00, 0.00, 0.00, 0.00
26: 0.00, 1.00, 0.00, 0.00
27: 0.00, 0.00, 1.00, 0.00
28: 0.00, 0.00, 1.00, 0.00
29: 0.00, 1.00, 0.00, 0.00
30: 0.00, 1.00, 0.00, 0.00


Total Time: 12.87 seconds.
Average Time: 0.0129 seconds.
Step, Sequence, -log p(y|x), p(y|x)
    0, CGCCCAAAAAGGAACGAAAAAAAAACGGCG,    12.2564,     0.0000
    1, GGCGCAAAAAGCAACGAAAAAAAAACGGCC,     0.0000,     1.0000
  476, GGCGCAAAAAGCAACGGAAAAAAAACGGCC,     0.0000,     1.0000
  801, GGCGCGAAAAGCAACGGAAAAAAAACGGCC,     0.0000,     1.0000

start
5999.4415
5994.5504
5963.2939
5732.4090
4157.6747
3811.9639
3702.4229
3300.8125
881.9052
-6.7495
-6.8125
-6.8753
-6.9379
-7.0003
-7.0626
-7.1246
-7.1865
-7.2482
-7.3097
-7.3710
-7.4321
-7.4931
-7.5539
-7.6145
-7.6749
-7.7351
-7.7952
-7.8551
-7.9148
-7.9744
-8.0338
-8.0930
-8.1520
-8.2109
-8.2696
-8.3281
-8.3865
-8.4447
-8.5027
-8.5606
-8.6183
-8.6759
-8.7333
-8.7905
-8.8476
-8.9045
-8.9612
-9.0178
-9.0742
-9.1305
-9.1866
-9.2426
-9.2984
-9.3541
-9.4096
-9.4649
-9.5201
-9.5752
-9.6301
-9.6848
-9.7394
-9.7939
-9.8482
-9.9024
-9.9564
-10.0102
-10.0640
-10.1176
-10.1710
-10.2243
-10.2775
-10.3305
-10.3834
-10.4361
-10.4887
-10.5412
-10.5935
-10.6457
-10.6978
-10.7497
-10.8015
-10.8532
-10.9047
-10.9561
-11.0074
-11.0585
-11.1095
-11.1604
-11.2111
-11.2617
-11.3122
-11.3626
-11.4128
-11.4630
-11.5129
-11.5628
-11.6125
-11.6622
-11.7117
-11.7610
-11.8103
-11.8549
-11.8920
-11.9290
-11.9660
-12.0028
-12.0396
-12.0764
-12.1130
-12.1496
-12.1861
-12.2225
-12.2588
-12.2951
-12.3313
-12.3675
-12.4035
-12.4395
-12.4754
-12.5113
-12.5403
-12.5677
-12.5951
-12.6224
-12.6496
-12.6768
-12.7040
-12.7311
-12.7582
-12.7837
-12.8036
-12.8235
-12.8433
-12.8630
-12.8774
-12.8910
-12.9046
-12.9182
-12.9319
-12.9455
-12.9591
-12.9727
-12.9863
-12.9999
-13.0136
-13.0254
-13.0341
-13.0428
-13.0515
-13.0602
-13.0689
-13.0776
-13.0862
-13.0949
-13.1036
-13.1123
-13.1209
-13.1296
-13.1383
-13.1470
-13.1556
-13.1643
-13.1730
-13.1816
-13.1903
-13.1989
-13.2076
-13.2162
-13.2249
-13.2336
-13.2422
-13.2509
-13.2595
-13.2681
-13.2768
-13.2854
-13.2941
-13.3027
-13.3114
-13.3200
-13.3286
-13.3373
-13.3459
-13.3545
-13.3632
-13.3718
-13.3804
-13.3890
-13.3977
-13.4063
-13.4149
-13.4235
-13.4298
-13.4346
-13.4394
-13.4442
-13.4490
-13.4538
-13.4586
-13.4635
-13.4683
-13.4731
-13.4779
-13.4827
-13.4861
-13.4893
-13.4924
-13.4956
-13.4987
-13.5019
-13.5050
-13.5081
-13.5113
-13.5144
-13.5176
-13.5207
-13.5238
-13.5270
-13.5301
-13.5332
-13.5364
-13.5395
-13.5426
-13.5458
-13.5489
-13.5520
-13.5552
-13.5583
-13.5614
-13.5646
-13.5677
-13.5708
-13.5739
-13.5771
-13.5802
-13.5833
-13.5865
-13.5896
-13.5927
-13.5958
-13.5990
-13.6021
-13.6052
-13.6083
-13.6115
-13.6146
-13.6177
-13.6208
-13.6240
-13.6271
-13.6302
-13.6333
-13.6365
-13.6396
-13.6427
-13.6458
-13.6490
-13.6521
-13.6552
-13.6583
-13.6614
-13.6646
-13.6677
-13.6708
-13.6739
-13.6771
-13.6802
-13.6833
-13.6864
-13.6896
-13.6927
-13.6958
-13.6989
-13.7021
-13.7052
-13.7083
-13.7115
-13.7146
-13.7177
-13.7208
-13.7240
-13.7271
-13.7302
-13.7334
-13.7365
-13.7396
-13.7427
-13.7459
-13.7490
-13.7521
-13.7553
-13.7584
-13.7615
-13.7647
-13.7678
-13.7710
-13.7741
-13.7772
-13.7804
-13.7835
-13.7866
-13.7898
-13.7929
-13.7961
-13.7992
-13.8024
-13.8055
-13.8087
-13.8118
-13.8149
-13.8181
-13.8212
-13.8244
-13.8276
-13.8307
-13.8339
-13.8370
-13.8402
-13.8433
-13.8465
-13.8496
-13.8528
-13.8560
-13.8591
-13.8623
-13.8655
-13.8686
-13.8718
-13.8750
-13.8781
-13.8813
-13.8845
-13.8876
-13.8908
-13.8940
-13.8972
-13.9004
-13.9035
-13.9067
-13.9099
-13.9131
-13.9163
-13.9195
-13.9227
-13.9258
-13.9290
-13.9322
-13.9354
-13.9386
-13.9418
-13.9450
-13.9482
-13.9514
-13.9546
-13.9578
-13.9611
-13.9643
-13.9675
-13.9707
-13.9739
-13.9771
-13.9803
-13.9836
-13.9868
-13.9900
-13.9932
-13.9965
-13.9997
-14.0029
-14.0062
-14.0094
-14.0127
-14.0159
-14.0191
-14.0224
-14.0256
-14.0289
-14.0321
-14.0354
-14.0386
-14.0419
-14.0452
-14.0484
-14.0517
-14.0550
-14.0582
-14.0615
-14.0648
-14.0680
-14.0713
-14.0746
-14.0779
-14.0812
-14.0845
-14.0878
-14.0910
-14.0943
-14.0976
-14.1009
-14.1042
-14.1076
-14.1109
-14.1142
-14.1175
-14.1208
-14.1241
-14.1274
-14.1308
-14.1341
-14.1374
-14.1408
-14.1441
-14.1474
-14.1508
-14.1541
-14.1575
-14.1608
-14.1642
-14.1675
-14.1709
-14.1742
-14.1776
-14.1810
-14.1843
-14.1877
-14.1911
-14.1945
-14.1978
-14.2012
-14.2046
-14.2080
-14.2114
-14.2148
-14.2182
-14.2216
-14.2250
-14.2284
-14.2318
-14.2353
-14.2387
-14.2421
-14.2455
-14.2490
-14.2524
-14.2558
-14.2593
-14.2627
-14.2662
-14.2696
-14.2731
-14.2765
-14.2800
-14.2834
-14.2869
-14.2904
-14.2939
-14.2973
-14.3008
-14.3043
-14.3078
-14.3113
-14.3148
-14.3183
-14.3218
-14.3253
-14.3288
-14.3323
-14.3359
-14.3394
-14.3429
-14.3465
-14.3500
-14.3535
-14.3571
-14.3606
-14.3642
-14.3677
-14.3713
-14.3749
-14.3784
-14.3820
-14.3856
-14.3892
-14.3927
-14.3963
-14.3999
-14.4035
-14.4071
-14.4107
-14.4142
-14.4175
-14.4209
-14.4243
-14.4276
-14.4310
-14.4344
-14.4377
-14.4411
-14.4445
-14.4478
-14.4512
-14.4546
-14.4579
-14.4613
-14.4647
-14.4681
-14.4714
-14.4748
-14.4782
-14.4815
-14.4849
-14.4883
-14.4916
-14.4950
-14.4984
-14.5018
-14.5051
-14.5085
-14.5119
-14.5153
-14.5186
-14.5220
-14.5254
-14.5287
-14.5321
-14.5355
-14.5389
-14.5422
-14.5456
-14.5490
-14.5524
-14.5557
-14.5591
-14.5625
-14.5659
-14.5692
-14.5726
-14.5760
-14.5794
-14.5828
-14.5861
-14.5895
-14.5929
-14.5963
-14.5996
-14.6030
-14.6064
-14.6098
-14.6132
-14.6165
-14.6199
-14.6233
-14.6267
-14.6301
-14.6335
-14.6368
-14.6402
-14.6436
-14.6470
-14.6504
-14.6538
-14.6571
-14.6605
-14.6639
-14.6673
-14.6707
-14.6741
-14.6774
-14.6808
-14.6842
-14.6876
-14.6910
-14.6944
-14.6978
-14.7012
-14.7045
-14.7079
-14.7113
-14.7147
-14.7181
-14.7215
-14.7249
-14.7283
-14.7317
-14.7351
-14.7384
-14.7418
-14.7452
-14.7486
-14.7520
-14.7554
-14.7588
-14.7622
-14.7656
-14.7690
-14.7724
-14.7758
-14.7792
-14.7826
-14.7860
-14.7894
-14.7928
-14.7962
-14.7996
-14.8030
-14.8064
-14.8098
-14.8132
-14.8166
-14.8200
-14.8234
-14.8268
-14.8302
-14.8336
-14.8370
-14.8404
-14.8438
-14.8472
-14.8506
-14.8540
-14.8574
-14.8608
-14.8642
-14.8676
-14.8710
-14.8744
-14.8778
-14.8812
-14.8846
-14.8880
-14.8915
-14.8949
-14.8983
-14.9017
-14.9051
-14.9085
-14.9119
-14.9153
-14.9187
-14.9222
-14.9256
-14.9290
-14.9324
-14.9358
-14.9392
-14.9426
-14.9461
-14.9495
-14.9529
-14.9563
-14.9597
-14.9631
-14.9666
-14.9700
-14.9734
-14.9768
-14.9802
-14.9837
-14.9871
-14.9905
-14.9939
-14.9974
-15.0008
-15.0042
-15.0076
-15.0111
-15.0145
-15.0179
-15.0213
-15.0248
-15.0282
-15.0316
-15.0350
-15.0385
-15.0419
-15.0453
-15.0488
-15.0522
-15.0556
-15.0591
-15.0625
-15.0659
-15.0693
-15.0728
-15.0762
-15.0797
-15.0831
-15.0865
-15.0900
-15.0934
-15.0968
-15.1003
-15.1037
-15.1071
-15.1106
-15.1140
-15.1175
-15.1209
-15.1244
-15.1278
-15.1312
-15.1347
-15.1381
-15.1416
-15.1450
-15.1485
-15.1519
-15.1554
-15.1588
-15.1622
-15.1657
-15.1691
-15.1726
-15.1760
-15.1795
-15.1829
-15.1864
-15.1898
-15.1933
-15.1968
-15.2002
-15.2037
-15.2071
-15.2106
-15.2140
-15.2175
-15.2209
-15.2244
-15.2279
-15.2313
-15.2348
-15.2382
-15.2417
-15.2452
-15.2486
-15.2521
-15.2555
-15.2590
-15.2625
-15.2659
-15.2694
-15.2729
-15.2763
-15.2798
-15.2833
-15.2867
-15.2902
-15.2937
-15.2972
-15.3006
-15.3041
-15.3076
-15.3110
-15.3145
-15.3180
-15.3215
-15.3249
-15.3284
-15.3319
-15.3354
-15.3389
-15.3423
-15.3458
-15.3493
-15.3528
-15.3563
-15.3597
-15.3632
-15.3667
-15.3702
-15.3737
-15.3772
-15.3806
-15.3841
-15.3876
-15.3911
-15.3946
-15.3980
-15.4014
-15.4048
-15.4083
-15.4117
-15.4151
-15.4185
-15.4220
-15.4254
-15.4288
-15.4322
-15.4356
-15.4391
-15.4425
-15.4459
-15.4493
-15.4528
-15.4562
-15.4596
-15.4630
-15.4664
-15.4699
-15.4733
-15.4767
-15.4801
-15.4836
-15.4870
-15.4904
-15.4938
-15.4972
-15.5007
-15.5041
-15.5075
-15.5109
-15.5144
-15.5178
-15.5212
-15.5246
-15.5280
-15.5315
-15.5349
-15.5383
-15.5417
-15.5452
-15.5486
-15.5520
-15.5554
-15.5589
-15.5623
-15.5657
-15.5691
-15.5725
-15.5760
-15.5794
-15.5828
-15.5862
-15.5897
-15.5931
-15.5965
-15.5999
-15.6033
-15.6068
-15.6102
-15.6136
-15.6170
-15.6205
-15.6239
-15.6273
-15.6307
-15.6341
-15.6376
-15.6410
-15.6444
-15.6478
-15.6513
-15.6547
-15.6581
-15.6615
-15.6650
-15.6684
-15.6718
-15.6752
-15.6786
-15.6821
-15.6855
-15.6889
-15.6923
-15.6958
-15.6992
-15.7026
-15.7060
-15.7094
-15.7129
-15.7163
-15.7197
-15.7231
-15.7266
-15.7300
-15.7334
-15.7368
-15.7402
-15.7437
-15.7471
-15.7505
-15.7539
-15.7574
-15.7608
-15.7642
-15.7676
-15.7711
-15.7745
-15.7779
-15.7813
-15.7847
-15.7882
-15.7916
-15.7950
-15.7984
-15.8019
-15.8053
-15.8087
-15.8121
-15.8156
-15.8190
-15.8224
-15.8258
-15.8292
-15.8327
-15.8361
-15.8395
-15.8429
-15.8455
-15.8463
-15.8471
-15.8480
-15.8488
-15.8497
-15.8505
-15.8514
-15.8522
-15.8530
-15.8539
-15.8547
-15.8556
-15.8564
-15.8573
-15.8581
-15.8589
-15.8598
-15.8606
-15.8615
-15.8623
-15.8632
-15.8640
-15.8648
-15.8657
-15.8665
-15.8674
-15.8682
-15.8691
-15.8699
-15.8708
-15.8716
-15.8724
-15.8733
-15.8741
-15.8750
-15.8758
-15.8767
-15.8775
-15.8783
-15.8792
-15.8800
-15.8809
-15.8817
-15.8826
-15.8834
-15.8843
-15.8851
-15.8859
-15.8868
-15.8876
-15.8885
-15.8893
-15.8902
-15.8910
-15.8918
-15.8927
-15.8935
-15.8944
-15.8952
-15.8961
-15.8969
-15.8978
-15.8986
-15.8994
-15.9003
-15.9011
-15.9020
-15.9028
-15.9037
-15.9045
-15.9053
-15.9062
-15.9070
-15.9079
-15.9087
-15.9096
-15.9104
-15.9113
-15.9121
-15.9129
-15.9138
-15.9146
-15.9155
-15.9163
-15.9172
-15.9180
-15.9189
-15.9197
-15.9205
-15.9214
-15.9222
end

