Number of Steps:   1000, Learning Rate: 0.00100
Starting Distribution
1.00, 0.00, 0.00, 0.00
0.00, 0.51, 0.49, 0.00
0.00, 0.51, 0.49, 0.00
0.00, 0.51, 0.49, 0.00
0.00, 0.49, 0.51, 0.00
0.00, 0.49, 0.51, 0.00
0.00, 0.49, 0.51, 0.00
0.00, 0.51, 0.49, 0.00
0.00, 0.49, 0.51, 0.00
0.00, 0.51, 0.49, 0.00
0.00, 0.49, 0.51, 0.00
0.00, 0.51, 0.49, 0.00
1.00, 0.00, 0.00, 0.00
1.00, 0.00, 0.00, 0.00
1.00, 0.00, 0.00, 0.00
0.00, 0.49, 0.51, 0.00
0.00, 0.49, 0.51, 0.00
0.00, 0.49, 0.51, 0.00
0.00, 0.51, 0.49, 0.00
0.00, 0.49, 0.51, 0.00
1.00, 0.00, 0.00, 0.00
1.00, 0.00, 0.00, 0.00
1.00, 0.00, 0.00, 0.00
1.00, 0.00, 0.00, 0.00
0.00, 0.51, 0.49, 0.00
0.00, 0.49, 0.51, 0.00
0.00, 0.51, 0.49, 0.00
0.00, 0.49, 0.51, 0.00
0.00, 0.51, 0.49, 0.00
0.00, 0.51, 0.49, 0.00
1.00, 0.00, 0.00, 0.00

Final Sequence
.(((((((((((...)))))....)))))).
AGCCGGGCGCCCAAAGGGCGAAAACCCGGCA

free energy: -19.10000 kcal/mol
free energy of ensemble: -19.11820 kcal/mol
p(y|x) =   0.9709

Final Distribution
 1: 1.00, 0.00, 0.00, 0.00
 2: 0.00, 0.00, 1.00, 0.00
 3: 0.00, 1.00, 0.00, 0.00
 4: 0.00, 1.00, 0.00, 0.00
 5: 0.00, 0.00, 1.00, 0.00
 6: 0.00, 0.00, 1.00, 0.00
 7: 0.00, 0.00, 1.00, 0.00
 8: 0.00, 1.00, 0.00, 0.00
 9: 0.00, 0.00, 1.00, 0.00
10: 0.00, 1.00, 0.00, 0.00
11: 0.00, 1.00, 0.00, 0.00
12: 0.00, 1.00, 0.00, 0.00
13: 1.00, 0.00, 0.00, 0.00
14: 1.00, 0.00, 0.00, 0.00
15: 1.00, 0.00, 0.00, 0.00
16: 0.00, 0.00, 1.00, 0.00
17: 0.00, 0.00, 1.00, 0.00
18: 0.00, 0.00, 1.00, 0.00
19: 0.00, 1.00, 0.00, 0.00
20: 0.00, 0.00, 1.00, 0.00
21: 1.00, 0.00, 0.00, 0.00
22: 1.00, 0.00, 0.00, 0.00
23: 1.00, 0.00, 0.00, 0.00
24: 1.00, 0.00, 0.00, 0.00
25: 0.00, 1.00, 0.00, 0.00
26: 0.00, 1.00, 0.00, 0.00
27: 0.00, 1.00, 0.00, 0.00
28: 0.00, 0.00, 1.00, 0.00
29: 0.00, 0.00, 1.00, 0.00
30: 0.00, 1.00, 0.00, 0.00
31: 1.00, 0.00, 0.00, 0.00


Total Time: 15.50 seconds.
Average Time: 0.0155 seconds.
Step, Sequence, -log p(y|x), p(y|x)
    0, ACCCGCGCGCCCAAAGGGCGAAAACGCGGGA,     0.0454,     0.9556
    1, AGCCGGGCGCCCAAAGGGCGAAAACCCGGCA,     0.0000,     1.0000

start
8493.9293
8486.9413
8452.5531
8251.2431
7141.0361
4048.9681
3739.4585
3724.5014
3609.6404
2864.0911
1602.8381
914.4920
230.6408
-21.1132
-21.2081
-21.3028
-21.3973
-21.4917
-21.5858
-21.6797
-21.7735
-21.8671
-21.9604
-22.0536
-22.1466
-22.2394
-22.3320
-22.4244
-22.5167
-22.6088
-22.7006
-22.7924
-22.8839
-22.9752
-23.0664
-23.1574
-23.2482
-23.3388
-23.4293
-23.5196
-23.6097
-23.6997
-23.7895
-23.8791
-23.9685
-24.0578
-24.1469
-24.2358
-24.3246
-24.4132
-24.5017
-24.5900
-24.6781
-24.7661
-24.8539
-24.9415
-25.0290
-25.1164
-25.2035
-25.2906
-25.3774
-25.4641
-25.5507
-25.6371
-25.7234
-25.8095
-25.8955
-25.9813
-26.0670
-26.1525
-26.2379
-26.3231
-26.4082
-26.4931
-26.5779
-26.6626
-26.7471
-26.8315
-26.9158
-26.9999
-27.0838
-27.1677
-27.2514
-27.3349
-27.4184
-27.5017
-27.5848
-27.6679
-27.7508
-27.8335
-27.9162
-27.9987
-28.0811
-28.1633
-28.2454
-28.3274
-28.4093
-28.4911
-28.5727
-28.6542
-28.7356
-28.8169
-28.8980
-28.9791
-29.0529
-29.1231
-29.1932
-29.2526
-29.3107
-29.3688
-29.4269
-29.4849
-29.5430
-29.5989
-29.6361
-29.6707
-29.7053
-29.7399
-29.7744
-29.8090
-29.8435
-29.8780
-29.9124
-29.9468
-29.9812
-30.0156
-30.0500
-30.0843
-30.1186
-30.1529
-30.1872
-30.2214
-30.2556
-30.2898
-30.3240
-30.3581
-30.3923
-30.4227
-30.4518
-30.4734
-30.4827
-30.4920
-30.5014
-30.5107
-30.5201
-30.5294
-30.5388
-30.5481
-30.5575
-30.5668
-30.5762
-30.5855
-30.5948
-30.6042
-30.6135
-30.6229
-30.6322
-30.6416
-30.6509
-30.6603
-30.6696
-30.6790
-30.6883
-30.6976
-30.7070
-30.7163
-30.7257
-30.7350
-30.7444
-30.7537
-30.7631
-30.7724
-30.7818
-30.7911
-30.8005
-30.8098
-30.8191
-30.8285
-30.8378
-30.8472
-30.8565
-30.8659
-30.8752
-30.8846
-30.8939
-30.8999
-30.9055
-30.9110
-30.9166
-30.9221
-30.9277
-30.9332
-30.9387
-30.9443
-30.9498
-30.9554
-30.9609
-30.9664
-30.9708
-30.9733
-30.9759
-30.9785
-30.9811
-30.9837
-30.9862
-30.9888
-30.9904
-30.9904
end

