Number of Steps:   1000, Learning Rate: 0.00100
Starting Distribution
1.00, 0.00, 0.00, 0.00
1.00, 0.00, 0.00, 0.00
0.00, 0.49, 0.51, 0.00
0.00, 0.49, 0.51, 0.00
0.00, 0.51, 0.49, 0.00
0.00, 0.51, 0.49, 0.00
0.00, 0.49, 0.51, 0.00
0.00, 0.49, 0.51, 0.00
0.00, 0.51, 0.49, 0.00
0.00, 0.49, 0.51, 0.00
1.00, 0.00, 0.00, 0.00
1.00, 0.00, 0.00, 0.00
1.00, 0.00, 0.00, 0.00
1.00, 0.00, 0.00, 0.00
1.00, 0.00, 0.00, 0.00
0.00, 0.51, 0.49, 0.00
0.00, 0.51, 0.49, 0.00
0.00, 0.49, 0.51, 0.00
0.00, 0.49, 0.51, 0.00
0.00, 0.49, 0.51, 0.00
0.00, 0.51, 0.49, 0.00
0.00, 0.51, 0.49, 0.00
0.00, 0.51, 0.49, 0.00
1.00, 0.00, 0.00, 0.00
1.00, 0.00, 0.00, 0.00
1.00, 0.00, 0.00, 0.00
1.00, 0.00, 0.00, 0.00
1.00, 0.00, 0.00, 0.00
0.00, 0.51, 0.49, 0.00
0.00, 0.51, 0.49, 0.00
0.00, 0.51, 0.49, 0.00
0.00, 0.51, 0.49, 0.00
0.00, 0.49, 0.51, 0.00
0.00, 0.49, 0.51, 0.00
0.00, 0.49, 0.51, 0.00
0.00, 0.51, 0.49, 0.00
1.00, 0.00, 0.00, 0.00
1.00, 0.00, 0.00, 0.00

Final Sequence
..((((((((.....))))((((.....))))))))..
AAGGCCGGGGGAAAACCCCGGCCGAAAAGGCCGGCCAA

free energy: -16.70000 kcal/mol
free energy of ensemble: -19.20458 kcal/mol
p(y|x) =   0.0172

Final Distribution
 1: 1.00, 0.00, 0.00, 0.00
 2: 1.00, 0.00, 0.00, 0.00
 3: 0.00, 0.00, 1.00, 0.00
 4: 0.00, 0.00, 1.00, 0.00
 5: 0.00, 1.00, 0.00, 0.00
 6: 0.00, 1.00, 0.00, 0.00
 7: 0.00, 0.00, 1.00, 0.00
 8: 0.00, 0.00, 1.00, 0.00
 9: 0.00, 0.00, 1.00, 0.00
10: 0.00, 0.00, 1.00, 0.00
11: 0.00, 0.00, 1.00, 0.00
12: 1.00, 0.00, 0.00, 0.00
13: 1.00, 0.00, 0.00, 0.00
14: 1.00, 0.00, 0.00, 0.00
15: 1.00, 0.00, 0.00, 0.00
16: 0.00, 1.00, 0.00, 0.00
17: 0.00, 1.00, 0.00, 0.00
18: 0.00, 1.00, 0.00, 0.00
19: 0.00, 1.00, 0.00, 0.00
20: 0.00, 0.00, 1.00, 0.00
21: 0.00, 0.00, 1.00, 0.00
22: 0.00, 1.00, 0.00, 0.00
23: 0.00, 1.00, 0.00, 0.00
24: 0.36, 0.00, 0.64, 0.00
25: 1.00, 0.00, 0.00, 0.00
26: 1.00, 0.00, 0.00, 0.00
27: 1.00, 0.00, 0.00, 0.00
28: 1.00, 0.00, 0.00, 0.00
29: 0.00, 0.00, 1.00, 0.00
30: 0.00, 0.00, 1.00, 0.00
31: 0.00, 1.00, 0.00, 0.00
32: 0.00, 1.00, 0.00, 0.00
33: 0.00, 0.00, 1.00, 0.00
34: 0.00, 0.00, 1.00, 0.00
35: 0.00, 1.00, 0.00, 0.00
36: 0.00, 1.00, 0.00, 0.00
37: 1.00, 0.00, 0.00, 0.00
38: 1.00, 0.00, 0.00, 0.00


Total Time: 46.23 seconds.
Average Time: 0.0462 seconds.
Step, Sequence, -log p(y|x), p(y|x)
    0, AAGCCCCCCGAAAAACGGGGCCCAAAAAGGGCGGGCAA,     0.1186,     0.8881
    1, AAGCCCGCGGAAAAACCGCGGGCAAAAAGCCCGGGCAA,     0.0000,     1.0000
   26, AAGGCCGGGGAAAAACCCCGGCCAAAAAGGCCGGCCAA,     0.0000,     1.0000
  476, AAGGCCGGGGGAAAACCCCGGCCAAAAAGGCCGGCCAA,     0.0000,     1.0000
  801, AAGGCCGGGGGAAAACCCCGGCCGAAAAGGCCGGCCAA,     0.0000,     1.0000

start
9742.5445
9732.9450
9672.0603
9226.5581
6587.0168
5985.1309
5968.4048
5844.6293
5026.2787
4481.7211
4443.5297
4126.9312
2300.1672
1930.7986
1464.9155
685.8596
-30.4881
-30.6110
-30.7337
-30.8561
-30.9783
-31.1003
-31.2220
-31.3436
-31.4648
-31.5859
-31.7068
-31.8274
-31.9478
-32.0680
-32.1879
-32.3077
-32.4272
-32.5466
-32.6657
-32.7846
-32.9033
-33.0217
-33.1400
-33.2581
-33.3759
-33.4936
-33.6111
-33.7283
-33.8454
-33.9622
-34.0788
-34.1953
-34.3116
-34.4276
-34.5435
-34.6591
-34.7746
-34.8899
-35.0050
-35.1199
-35.2346
-35.3491
-35.4635
-35.5776
-35.6916
-35.8054
-35.9190
-36.0324
-36.1457
-36.2588
-36.3716
-36.4843
-36.5969
-36.7092
-36.8214
-36.9334
-37.0453
-37.1569
-37.2684
-37.3798
-37.4909
-37.6019
-37.7127
-37.8234
-37.9339
-38.0442
-38.1544
-38.2644
-38.3742
-38.4839
-38.5935
-38.7028
-38.8120
-38.9211
-39.0300
-39.1387
-39.2473
-39.3558
-39.4640
-39.5722
-39.6802
-39.7880
-39.8957
-40.0032
-40.1106
-40.2179
-40.3250
-40.4319
-40.5298
-40.6213
-40.7054
-40.7894
-40.8733
-40.9572
-41.0410
-41.1248
-41.2085
-41.2820
-41.3465
-41.4073
-41.4539
-41.4916
-41.5231
-41.5545
-41.5859
-41.6174
-41.6488
-41.6802
-41.7117
-41.7431
-41.7745
-41.8060
-41.8374
-41.8688
-41.9003
-41.9317
-41.9594
-41.9833
-42.0071
-42.0310
-42.0548
-42.0787
-42.1026
-42.1264
-42.1460
-42.1622
-42.1785
-42.1948
-42.2111
-42.2274
-42.2437
-42.2600
-42.2763
-42.2926
-42.3023
-42.3120
-42.3218
-42.3315
-42.3412
-42.3509
-42.3606
-42.3703
-42.3800
-42.3897
-42.3994
-42.4091
-42.4188
-42.4285
-42.4382
-42.4478
-42.4575
-42.4672
-42.4769
-42.4866
-42.4963
-42.5059
-42.5156
-42.5253
-42.5350
-42.5447
-42.5543
-42.5640
-42.5737
-42.5833
-42.5930
-42.6027
-42.6119
-42.6188
-42.6258
-42.6319
-42.6350
-42.6382
-42.6414
-42.6445
-42.6477
-42.6509
-42.6540
-42.6572
-42.6604
-42.6635
-42.6667
-42.6698
-42.6730
-42.6761
-42.6793
-42.6825
-42.6856
-42.6888
-42.6919
-42.6951
-42.6982
-42.7014
-42.7045
-42.7077
-42.7108
-42.7139
-42.7171
-42.7202
-42.7234
-42.7265
-42.7297
-42.7328
-42.7359
-42.7391
-42.7422
-42.7454
-42.7485
-42.7516
-42.7548
-42.7579
-42.7611
-42.7642
-42.7673
-42.7705
-42.7736
-42.7767
-42.7799
-42.7830
-42.7861
-42.7893
-42.7924
-42.7955
-42.7986
-42.8018
-42.8049
-42.8080
-42.8112
-42.8143
-42.8174
-42.8206
-42.8237
-42.8268
-42.8299
-42.8331
-42.8362
-42.8393
-42.8425
-42.8456
-42.8487
-42.8518
-42.8550
-42.8581
-42.8612
-42.8644
-42.8675
-42.8706
-42.8737
-42.8769
-42.8800
-42.8831
-42.8863
-42.8894
-42.8925
-42.8957
-42.8988
-42.9019
-42.9050
-42.9082
-42.9113
-42.9144
-42.9176
-42.9207
-42.9238
-42.9270
-42.9301
-42.9332
-42.9364
-42.9395
-42.9426
-42.9458
-42.9489
-42.9521
-42.9552
-42.9583
-42.9615
-42.9646
-42.9678
-42.9709
-42.9740
-42.9772
-42.9803
-42.9835
-42.9866
-42.9898
-42.9929
-42.9960
-42.9992
-43.0023
-43.0055
-43.0086
-43.0118
-43.0149
-43.0181
-43.0213
-43.0244
-43.0276
-43.0307
-43.0339
-43.0370
-43.0402
-43.0434
-43.0465
-43.0497
-43.0528
-43.0560
-43.0592
-43.0623
-43.0655
-43.0687
-43.0718
-43.0750
-43.0782
-43.0814
-43.0845
-43.0877
-43.0909
-43.0941
-43.0973
-43.1004
-43.1036
-43.1068
-43.1100
-43.1132
-43.1164
-43.1196
-43.1228
-43.1260
-43.1291
-43.1323
-43.1355
-43.1387
-43.1419
-43.1452
-43.1484
-43.1516
-43.1548
-43.1580
-43.1612
-43.1644
-43.1676
-43.1708
-43.1741
-43.1773
-43.1805
-43.1837
-43.1870
-43.1902
-43.1934
-43.1966
-43.1999
-43.2031
-43.2063
-43.2096
-43.2128
-43.2161
-43.2193
-43.2226
-43.2258
-43.2291
-43.2323
-43.2356
-43.2388
-43.2421
-43.2454
-43.2486
-43.2519
-43.2552
-43.2584
-43.2617
-43.2650
-43.2683
-43.2715
-43.2748
-43.2781
-43.2814
-43.2847
-43.2880
-43.2913
-43.2946
-43.2979
-43.3012
-43.3045
-43.3078
-43.3111
-43.3144
-43.3177
-43.3210
-43.3244
-43.3277
-43.3310
-43.3343
-43.3377
-43.3410
-43.3443
-43.3477
-43.3510
-43.3544
-43.3577
-43.3611
-43.3644
-43.3678
-43.3711
-43.3745
-43.3779
-43.3812
-43.3846
-43.3880
-43.3914
-43.3947
-43.3981
-43.4015
-43.4049
-43.4083
-43.4117
-43.4151
-43.4185
-43.4219
-43.4253
-43.4287
-43.4321
-43.4355
-43.4390
-43.4424
-43.4458
-43.4492
-43.4527
-43.4561
-43.4596
-43.4630
-43.4664
-43.4699
-43.4734
-43.4768
-43.4803
-43.4837
-43.4872
-43.4907
-43.4942
-43.4976
-43.5011
-43.5046
-43.5081
-43.5116
-43.5151
-43.5186
-43.5221
-43.5256
-43.5291
-43.5326
-43.5362
-43.5397
-43.5432
-43.5467
-43.5503
-43.5538
-43.5574
-43.5609
-43.5645
-43.5680
-43.5716
-43.5751
-43.5787
-43.5823
-43.5859
-43.5894
-43.5930
-43.5966
-43.6002
-43.6038
-43.6074
-43.6109
-43.6143
-43.6177
-43.6210
-43.6244
-43.6278
-43.6311
-43.6345
-43.6379
-43.6412
-43.6446
-43.6480
-43.6513
-43.6547
-43.6581
-43.6614
-43.6648
-43.6682
-43.6716
-43.6749
-43.6783
-43.6817
-43.6850
-43.6884
-43.6918
-43.6952
-43.6985
-43.7019
-43.7053
-43.7086
-43.7120
-43.7154
-43.7188
-43.7221
-43.7255
-43.7289
-43.7323
-43.7356
-43.7390
-43.7424
-43.7458
-43.7491
-43.7525
-43.7559
-43.7593
-43.7626
-43.7660
-43.7694
-43.7728
-43.7761
-43.7795
-43.7829
-43.7863
-43.7897
-43.7930
-43.7964
-43.7998
-43.8032
-43.8066
-43.8099
-43.8133
-43.8167
-43.8201
-43.8235
-43.8268
-43.8302
-43.8336
-43.8370
-43.8404
-43.8438
-43.8471
-43.8505
-43.8539
-43.8573
-43.8607
-43.8641
-43.8675
-43.8708
-43.8742
-43.8776
-43.8810
-43.8844
-43.8878
-43.8912
-43.8945
-43.8979
-43.9013
-43.9047
-43.9081
-43.9115
-43.9149
-43.9183
-43.9217
-43.9251
-43.9284
-43.9318
-43.9352
-43.9386
-43.9420
-43.9454
-43.9488
-43.9522
-43.9556
-43.9590
-43.9624
-43.9658
-43.9692
-43.9726
-43.9760
-43.9794
-43.9828
-43.9861
-43.9895
-43.9929
-43.9963
-43.9997
-44.0031
-44.0065
-44.0099
-44.0133
-44.0167
-44.0201
-44.0235
-44.0269
-44.0303
-44.0337
-44.0372
-44.0406
-44.0440
-44.0474
-44.0508
-44.0542
-44.0576
-44.0610
-44.0644
-44.0678
-44.0712
-44.0746
-44.0780
-44.0814
-44.0848
-44.0882
-44.0917
-44.0951
-44.0985
-44.1019
-44.1053
-44.1087
-44.1121
-44.1155
-44.1189
-44.1224
-44.1258
-44.1292
-44.1326
-44.1360
-44.1394
-44.1428
-44.1463
-44.1497
-44.1531
-44.1565
-44.1599
-44.1634
-44.1668
-44.1702
-44.1736
-44.1770
-44.1805
-44.1839
-44.1873
-44.1907
-44.1941
-44.1976
-44.2010
-44.2044
-44.2078
-44.2113
-44.2147
-44.2181
-44.2215
-44.2250
-44.2284
-44.2318
-44.2353
-44.2387
-44.2421
-44.2455
-44.2490
-44.2524
-44.2558
-44.2593
-44.2627
-44.2661
-44.2696
-44.2730
-44.2764
-44.2799
-44.2833
-44.2867
-44.2902
-44.2936
-44.2971
-44.3005
-44.3039
-44.3074
-44.3108
-44.3142
-44.3177
-44.3211
-44.3246
-44.3280
-44.3315
-44.3349
-44.3383
-44.3418
-44.3452
-44.3487
-44.3521
-44.3556
-44.3590
-44.3625
-44.3659
-44.3694
-44.3728
-44.3763
-44.3797
-44.3832
-44.3866
-44.3901
-44.3935
-44.3970
-44.4004
-44.4039
-44.4073
-44.4108
-44.4143
-44.4177
-44.4212
-44.4246
-44.4281
-44.4315
-44.4350
-44.4385
-44.4419
-44.4454
-44.4489
-44.4523
-44.4558
-44.4592
-44.4627
-44.4662
-44.4696
-44.4731
-44.4766
-44.4800
-44.4835
-44.4870
-44.4904
-44.4939
-44.4974
-44.5009
-44.5043
-44.5078
-44.5113
-44.5148
-44.5182
-44.5217
-44.5252
-44.5287
-44.5321
-44.5356
-44.5391
-44.5426
-44.5460
-44.5495
-44.5530
-44.5565
-44.5600
-44.5635
-44.5669
-44.5704
-44.5739
-44.5774
-44.5809
-44.5844
-44.5879
-44.5913
-44.5947
-44.5981
-44.6016
-44.6050
-44.6084
-44.6118
-44.6152
-44.6187
-44.6221
-44.6255
-44.6289
-44.6324
-44.6358
-44.6392
-44.6426
-44.6460
-44.6495
-44.6529
-44.6563
-44.6597
-44.6632
-44.6666
-44.6700
-44.6734
-44.6768
-44.6803
-44.6837
-44.6871
-44.6905
-44.6940
-44.6974
-44.7008
-44.7042
-44.7076
-44.7111
-44.7145
-44.7179
-44.7213
-44.7248
-44.7282
-44.7316
-44.7350
-44.7384
-44.7419
-44.7453
-44.7487
-44.7521
-44.7556
-44.7590
-44.7624
-44.7658
-44.7692
-44.7727
-44.7761
-44.7795
-44.7829
-44.7864
-44.7898
-44.7932
-44.7966
-44.8001
-44.8035
-44.8069
-44.8103
-44.8137
-44.8172
-44.8206
-44.8240
-44.8274
-44.8309
-44.8343
-44.8377
-44.8411
-44.8445
-44.8480
-44.8514
-44.8548
-44.8582
-44.8617
-44.8651
-44.8685
-44.8719
-44.8753
-44.8788
-44.8822
-44.8856
-44.8890
-44.8925
-44.8959
-44.8993
-44.9027
-44.9062
-44.9096
-44.9130
-44.9164
-44.9198
-44.9233
-44.9267
-44.9301
-44.9335
-44.9370
-44.9404
-44.9438
-44.9472
-44.9506
-44.9541
-44.9575
-44.9609
-44.9643
-44.9678
-44.9712
-44.9746
-44.9780
-44.9815
-44.9849
-44.9883
-44.9917
-44.9951
-44.9986
-45.0020
-45.0054
-45.0088
-45.0123
-45.0157
-45.0191
-45.0225
-45.0260
-45.0294
-45.0328
-45.0362
-45.0396
-45.0431
-45.0465
-45.0494
-45.0503
-45.0511
-45.0519
-45.0528
-45.0536
-45.0545
-45.0553
-45.0562
-45.0570
-45.0578
-45.0587
-45.0595
-45.0604
-45.0612
-45.0621
-45.0629
-45.0637
-45.0646
-45.0654
-45.0663
-45.0671
-45.0680
-45.0688
-45.0696
-45.0705
-45.0713
-45.0722
-45.0730
-45.0739
-45.0747
-45.0756
-45.0764
-45.0772
-45.0781
-45.0789
-45.0798
-45.0806
-45.0815
-45.0823
-45.0831
-45.0840
-45.0848
-45.0857
-45.0865
-45.0874
-45.0882
-45.0891
-45.0899
-45.0907
-45.0916
-45.0924
-45.0933
-45.0941
-45.0950
-45.0958
-45.0966
-45.0975
-45.0983
-45.0992
-45.1000
-45.1009
-45.1017
-45.1026
-45.1034
-45.1042
-45.1051
-45.1059
-45.1068
-45.1076
-45.1085
-45.1093
-45.1101
-45.1110
-45.1118
-45.1127
-45.1135
-45.1144
-45.1152
-45.1161
-45.1169
-45.1177
-45.1186
-45.1194
-45.1203
-45.1211
-45.1220
-45.1228
-45.1237
-45.1245
-45.1253
-45.1262
-45.1270
end

