Number of Steps:   1000, Learning Rate: 0.00100
Starting Distribution
0.00, 0.49, 0.51, 0.00
0.00, 0.51, 0.49, 0.00
1.00, 0.00, 0.00, 0.00
0.00, 0.51, 0.49, 0.00
1.00, 0.00, 0.00, 0.00
1.00, 0.00, 0.00, 0.00
0.00, 0.51, 0.49, 0.00
1.00, 0.00, 0.00, 0.00
0.00, 0.49, 0.51, 0.00
1.00, 0.00, 0.00, 0.00
1.00, 0.00, 0.00, 0.00
1.00, 0.00, 0.00, 0.00
1.00, 0.00, 0.00, 0.00
0.00, 0.51, 0.49, 0.00
1.00, 0.00, 0.00, 0.00
0.00, 0.49, 0.51, 0.00
1.00, 0.00, 0.00, 0.00
1.00, 0.00, 0.00, 0.00
1.00, 0.00, 0.00, 0.00
1.00, 0.00, 0.00, 0.00
0.00, 0.51, 0.49, 0.00
1.00, 0.00, 0.00, 0.00
0.00, 0.51, 0.49, 0.00
1.00, 0.00, 0.00, 0.00
1.00, 0.00, 0.00, 0.00
0.00, 0.51, 0.49, 0.00
1.00, 0.00, 0.00, 0.00
0.00, 0.51, 0.49, 0.00
1.00, 0.00, 0.00, 0.00
1.00, 0.00, 0.00, 0.00
1.00, 0.00, 0.00, 0.00
1.00, 0.00, 0.00, 0.00
0.00, 0.51, 0.49, 0.00
1.00, 0.00, 0.00, 0.00
0.00, 0.49, 0.51, 0.00
0.00, 0.51, 0.49, 0.00

Final Sequence
((.(..(.(....).(....).)..).(....).))
GCAGGAGAGGAAACAGGAAACACGACAAAAAAAAGC

free energy: 1248.64155 kcal/mol
free energy of ensemble: -0.04628 kcal/mol
p(y|x) =   0.0000

Final Distribution
 1: 0.00, 0.00, 1.00, 0.00
 2: 0.00, 1.00, 0.00, 0.00
 3: 1.00, 0.00, 0.00, 0.00
 4: 0.00, 0.00, 1.00, 0.00
 5: 0.00, 0.00, 1.00, 0.00
 6: 0.66, 0.00, 0.34, 0.00
 7: 0.00, 0.00, 1.00, 0.00
 8: 1.00, 0.00, 0.00, 0.00
 9: 0.00, 0.00, 1.00, 0.00
10: 0.00, 0.00, 1.00, 0.00
11: 1.00, 0.00, 0.00, 0.00
12: 1.00, 0.00, 0.00, 0.00
13: 1.00, 0.00, 0.00, 0.00
14: 0.00, 1.00, 0.00, 0.00
15: 1.00, 0.00, 0.00, 0.00
16: 0.00, 0.00, 1.00, 0.00
17: 0.00, 0.00, 1.00, 0.00
18: 1.00, 0.00, 0.00, 0.00
19: 1.00, 0.00, 0.00, 0.00
20: 1.00, 0.00, 0.00, 0.00
21: 0.00, 1.00, 0.00, 0.00
22: 1.00, 0.00, 0.00, 0.00
23: 0.00, 1.00, 0.00, 0.00
24: 0.28, 0.00, 0.72, 0.00
25: 1.00, 0.00, 0.00, 0.00
26: 0.00, 1.00, 0.00, 0.00
27: 1.00, 0.00, 0.00, 0.00
28: 0.00, 0.50, 0.00, 0.50
29: 1.00, 0.00, 0.00, 0.00
30: 1.00, 0.00, 0.00, 0.00
31: 1.00, 0.00, 0.00, 0.00
32: 1.00, 0.00, 0.00, 0.00
33: 0.00, 0.50, 0.00, 0.50
34: 1.00, 0.00, 0.00, 0.00
35: 0.00, 0.00, 1.00, 0.00
36: 0.00, 1.00, 0.00, 0.00


Total Time: 36.60 seconds.
Average Time: 0.0366 seconds.
Step, Sequence, -log p(y|x), p(y|x)
    0, GCACAACAGAAAACAGAAAACAGAAGACAAAAGAGC,    38.9742,     0.0000
    1, GCAGAAGAGAAAACAGAAAACACAACACAAAAGAGC,     0.0000,     1.0000
   26, GCAGAAGAGAAAACAGAAAACACAACAAAAAAAAGC,     0.0000,     1.0000
  451, GCAGGAGAGAAAACAGAAAACACAACAAAAAAAAGC,     0.0000,     1.0000
  476, GCAGGAGAGGAAACAGGAAACACAACAAAAAAAAGC,     0.0000,     1.0000
  626, GCAGGAGAGGAAACAGGAAACACGACAAAAAAAAGC,     0.0000,     1.0000

start
6515.8274
6503.7347
6390.7223
5242.8933
2780.5651
2784.6661
2798.5385
2800.6861
2722.0126
2122.4743
1781.5294
2031.0876
2031.0399
2030.9922
2030.9445
2030.8969
2030.8494
2030.8020
2030.7546
2030.7072
2030.6599
2030.6127
2030.5655
2030.5183
2030.4712
2030.4242
2030.3766
2030.3290
2030.2815
2030.2340
2030.1866
2030.1392
2030.0919
2030.0447
2029.9975
2029.9503
2029.9032
2029.8562
2029.8092
2029.7623
2029.7154
2029.6686
2029.6218
2029.5751
2029.5285
2029.4819
2029.4353
2029.3888
2029.3423
2029.2959
2029.2496
2029.2033
2029.1571
2029.1109
2029.0647
2029.0186
2028.9726
2028.9266
2028.8807
2028.8348
2028.7890
2028.7432
2028.6975
2028.6518
2028.6062
2028.5606
2028.5150
2028.4696
2028.4241
2028.3787
2028.3334
2028.2881
2028.2429
2028.1977
2028.1526
2028.1075
2028.0624
2028.0174
2027.9725
2027.9276
2027.8827
2027.8379
2027.7932
2027.7485
2027.7038
2027.6592
2027.6146
2027.5701
2027.5256
2027.4812
2027.4368
2027.3924
2027.3481
2027.3039
2027.2597
2027.2155
2027.1714
2027.1273
2027.0833
2027.0393
2026.9954
2026.9515
2026.9076
2026.8638
2026.8201
2026.7764
2026.7327
2026.6890
2026.6455
2026.6019
2026.5584
2026.5149
2026.4715
2026.4281
2026.3848
2026.3415
2026.2982
2026.2550
2026.2119
2026.1687
2026.1256
2026.0826
2026.0396
2025.9966
2025.9537
2025.9108
2025.8679
2025.8251
2025.7823
2025.7396
2025.6996
2025.6656
2025.6317
2025.6047
2025.5849
2025.5652
2025.5456
2025.5260
2025.5064
2025.4869
2025.4675
2025.4481
2025.4287
2025.4094
2025.3901
2025.3709
2025.3517
2025.3326
2025.3135
2025.2945
2025.2755
2025.2565
2025.2376
2025.2188
2025.2000
2025.1812
2025.1625
2025.1438
2025.1252
2025.1066
2025.0881
2025.0696
2025.0511
2025.0327
2025.0143
2024.9960
2024.9777
2024.9595
2024.9413
2024.9231
2024.9050
2024.8870
2024.8689
2024.8509
2024.8330
2024.8151
2024.7972
2024.7794
2024.7665
2024.7539
2024.7413
2024.7287
2024.7161
2024.7036
2024.6911
2024.6785
2024.6660
2024.6536
2024.6411
2024.6286
2024.6162
2024.6038
2024.5914
2024.5790
2024.5666
2024.5542
2024.5419
2024.5295
2024.5172
2024.5049
2024.4926
2024.4803
2024.4681
2024.4558
2024.4436
2024.4314
2024.4192
2024.4070
2024.3948
2024.3826
2024.3705
2024.3583
2024.3462
2024.3341
2024.3220
2024.3099
2024.2979
2024.2858
2024.2738
2024.2617
2024.2497
2024.2377
2024.2257
2024.2137
2024.2018
2024.1898
2024.1779
2024.1660
2024.1541
2024.1422
2024.1303
2024.1184
2024.1065
2024.0947
2024.0828
2024.0710
2024.0592
2024.0474
2024.0356
2024.0238
2024.0120
2024.0003
2023.9885
2023.9768
2023.9651
2023.9533
2023.9416
2023.9299
2023.9183
2023.9066
2023.8949
2023.8833
2023.8716
2023.8600
2023.8484
2023.8368
2023.8252
2023.8136
2023.8020
2023.7905
2023.7789
2023.7674
2023.7558
2023.7443
2023.7328
2023.7213
2023.7098
2023.6983
2023.6868
2023.6754
2023.6653
2023.6559
2023.6465
2023.6371
2023.6277
2023.6183
2023.6089
2023.5995
2023.5902
2023.5808
2023.5715
2023.5622
2023.5529
2023.5436
2023.5343
2023.5250
2023.5157
2023.5065
2023.4972
2023.4880
2023.4788
2023.4696
2023.4604
2023.4512
2023.4420
2023.4329
2023.4237
2023.4146
2023.4054
2023.3963
2023.3872
2023.3781
2023.3690
2023.3599
2023.3508
2023.3417
2023.3327
2023.3236
2023.3146
2023.3055
2023.2965
2023.2875
2023.2785
2023.2695
2023.2605
2023.2515
2023.2426
2023.2336
2023.2246
2023.2157
2023.2068
2023.1978
2023.1889
2023.1800
2023.1711
2023.1622
2023.1533
2023.1444
2023.1355
2023.1267
2023.1178
2023.1089
2023.1001
2023.0912
2023.0824
2023.0736
2023.0648
2023.0559
2023.0471
2023.0383
2023.0295
2023.0208
2023.0120
2023.0032
2022.9944
2022.9857
2022.9769
2022.9681
2022.9594
2022.9507
2022.9419
2022.9332
2022.9245
2022.9157
2022.9070
2022.8983
2022.8896
2022.8809
2022.8722
2022.8635
2022.8548
2022.8462
2022.8375
2022.8288
2022.8201
2022.8115
2022.8028
2022.7942
2022.7855
2022.7769
2022.7682
2022.7596
2022.7509
2022.7423
2022.7337
2022.7250
2022.7164
2022.7078
2022.6992
2022.6906
2022.6820
2022.6733
2022.6647
2022.6561
2022.6475
2022.6389
2022.6303
2022.6218
2022.6132
2022.6046
2022.5960
2022.5874
2022.5788
2022.5702
2022.5617
2022.5531
2022.5445
2022.5359
2022.5274
2022.5188
2022.5102
2022.5017
2022.4931
2022.4845
2022.4760
2022.4674
2022.4588
2022.4503
2022.4417
2022.4331
2022.4246
2022.4160
2022.4074
2022.3989
2022.3903
2022.3818
2022.3732
2022.3646
2022.3561
2022.3475
2022.3390
2022.3304
2022.3218
2022.3133
2022.3047
2022.2961
2022.2876
2022.2790
2022.2704
2022.2619
2022.2533
2022.2447
2022.2361
2022.2276
2022.2190
2022.2104
2022.2018
2022.1932
2022.1847
2022.1761
2022.1675
2022.1589
2022.1503
2022.1417
2022.1331
2022.1245
2022.1159
2022.1073
2022.0987
2022.0901
2022.0815
2022.0729
2022.0642
2022.0556
2022.0470
2022.0384
2022.0297
2022.0211
2022.0124
2022.0038
2021.9951
2021.9865
2021.9778
2021.9692
2021.9605
2021.9519
2021.9432
2021.9345
2021.9258
2021.9171
2021.9084
2021.8998
2021.8911
2021.8823
2021.8736
2021.8649
2021.8562
2021.8475
2021.8388
2021.8300
2021.8213
2021.8125
2021.8038
2021.7950
2021.7863
2021.7775
2021.7687
2021.7599
2021.7512
2021.7424
2021.7341
2021.7258
2021.7175
2021.7092
2021.7009
2021.6926
2021.6843
2021.6760
2021.6678
2021.6595
2021.6512
2021.6429
2021.6346
2021.6263
2021.6181
2021.6098
2021.6015
2021.5932
2021.5850
2021.5767
2021.5684
2021.5601
2021.5519
2021.5436
2021.5353
2021.5271
2021.5188
2021.5105
2021.5023
2021.4940
2021.4857
2021.4775
2021.4692
2021.4610
2021.4527
2021.4444
2021.4362
2021.4279
2021.4197
2021.4114
2021.4031
2021.3949
2021.3866
2021.3784
2021.3701
2021.3619
2021.3536
2021.3453
2021.3371
2021.3288
2021.3206
2021.3123
2021.3041
2021.2958
2021.2875
2021.2793
2021.2710
2021.2628
2021.2545
2021.2463
2021.2380
2021.2297
2021.2215
2021.2132
2021.2049
2021.1967
2021.1884
2021.1801
2021.1719
2021.1636
2021.1553
2021.1471
2021.1388
2021.1305
2021.1223
2021.1140
2021.1057
2021.0974
2021.0892
2021.0809
2021.0726
2021.0643
2021.0560
2021.0478
2021.0395
2021.0312
2021.0229
2021.0146
2021.0063
2020.9980
2020.9897
2020.9814
2020.9731
2020.9648
2020.9565
2020.9482
2020.9399
2020.9316
2020.9233
2020.9150
2020.9067
2020.8983
2020.8900
2020.8817
2020.8734
2020.8650
2020.8567
2020.8484
2020.8400
2020.8317
2020.8234
2020.8150
2020.8067
2020.7983
2020.7900
2020.7816
2020.7733
2020.7649
2020.7565
2020.7482
2020.7398
2020.7314
2020.7231
2020.7147
2020.7063
2020.6979
2020.6895
2020.6811
2020.6728
2020.6644
2020.6560
2020.6475
2020.6391
2020.6307
2020.6223
2020.6139
2020.6055
2020.5970
2020.5886
2020.5802
2020.5717
2020.5633
2020.5549
2020.5464
2020.5380
2020.5295
2020.5210
2020.5126
2020.5041
2020.4956
2020.4872
2020.4787
2020.4702
2020.4617
2020.4532
2020.4447
2020.4362
2020.4277
2020.4192
2020.4107
2020.4021
2020.3936
2020.3851
2020.3765
2020.3680
2020.3595
2020.3509
2020.3424
2020.3338
2020.3252
2020.3167
2020.3081
2020.2995
2020.2909
2020.2823
2020.2737
2020.2651
2020.2565
2020.2479
2020.2393
2020.2307
2020.2220
2020.2134
2020.2048
2020.1961
2020.1875
2020.1788
2020.1701
2020.1615
2020.1528
2020.1441
2020.1354
2020.1267
2020.1180
2020.1093
2020.1006
2020.0919
2020.0832
2020.0745
2020.0657
2020.0570
2020.0482
2020.0395
2020.0307
2020.0220
2020.0132
2020.0044
2019.9956
2019.9868
2019.9780
2019.9692
2019.9604
2019.9516
2019.9428
2019.9339
2019.9251
2019.9162
2019.9074
2019.8985
2019.8896
2019.8808
2019.8719
2019.8630
2019.8541
2019.8452
2019.8363
2019.8274
2019.8184
2019.8095
2019.8006
2019.7916
2019.7827
2019.7737
2019.7647
2019.7557
2019.7467
2019.7378
2019.7288
2019.7197
2019.7107
2019.7017
2019.6927
2019.6836
2019.6746
2019.6655
2019.6564
2019.6474
2019.6383
2019.6292
2019.6201
2019.6110
2019.6019
2019.5927
2019.5836
2019.5745
2019.5653
2019.5561
2019.5470
2019.5378
2019.5286
2019.5194
2019.5102
2019.5010
2019.4918
2019.4825
2019.4733
2019.4640
2019.4548
2019.4455
2019.4362
2019.4270
2019.4177
2019.4083
2019.3990
2019.3897
2019.3804
2019.3710
2019.3617
2019.3523
2019.3429
2019.3336
2019.3242
2019.3148
2019.3054
2019.2959
2019.2865
2019.2771
2019.2677
2019.2583
2019.2490
2019.2397
2019.2303
2019.2209
2019.2116
2019.2022
2019.1928
2019.1834
2019.1740
2019.1646
2019.1551
2019.1457
2019.1363
2019.1268
2019.1173
2019.1079
2019.0984
2019.0889
2019.0794
2019.0699
2019.0613
2019.0530
2019.0446
2019.0363
2019.0279
2019.0195
2019.0112
2019.0028
2018.9945
2018.9861
2018.9778
2018.9695
2018.9611
2018.9528
2018.9444
2018.9361
2018.9278
2018.9194
2018.9111
2018.9028
2018.8945
2018.8861
2018.8778
2018.8695
2018.8612
2018.8528
2018.8445
2018.8362
2018.8279
2018.8196
2018.8113
2018.8030
2018.7947
2018.7864
2018.7781
2018.7698
2018.7615
2018.7532
2018.7449
2018.7366
2018.7283
2018.7200
2018.7117
2018.7034
2018.6951
2018.6868
2018.6785
2018.6702
2018.6619
2018.6537
2018.6454
2018.6371
2018.6288
2018.6205
2018.6123
2018.6040
2018.5957
2018.5874
2018.5792
2018.5709
2018.5626
2018.5544
2018.5461
2018.5378
2018.5296
2018.5213
2018.5130
2018.5048
2018.4965
2018.4883
2018.4800
2018.4717
2018.4635
2018.4552
2018.4470
2018.4387
2018.4305
2018.4222
2018.4140
2018.4057
2018.3975
2018.3892
2018.3810
2018.3727
2018.3645
2018.3562
2018.3480
2018.3397
2018.3315
2018.3232
2018.3150
2018.3068
2018.2985
2018.2903
2018.2820
2018.2738
2018.2656
2018.2573
2018.2491
2018.2408
2018.2326
2018.2244
2018.2161
2018.2079
2018.1997
2018.1914
2018.1832
2018.1750
2018.1667
2018.1603
2018.1572
2018.1564
2018.1558
2018.1552
2018.1546
2018.1540
2018.1534
2018.1528
2018.1522
2018.1515
2018.1509
2018.1503
2018.1497
2018.1491
2018.1485
2018.1478
2018.1472
2018.1466
2018.1460
2018.1454
2018.1447
2018.1441
2018.1435
2018.1429
2018.1423
2018.1416
2018.1410
2018.1404
2018.1397
2018.1391
2018.1385
2018.1378
2018.1372
2018.1366
2018.1360
2018.1353
2018.1347
2018.1340
2018.1334
2018.1328
2018.1321
2018.1315
2018.1308
2018.1302
2018.1296
2018.1289
2018.1283
2018.1276
2018.1270
2018.1263
2018.1257
2018.1250
2018.1244
2018.1237
2018.1231
2018.1224
2018.1218
2018.1211
2018.1204
2018.1198
2018.1191
2018.1185
2018.1178
2018.1171
2018.1165
2018.1158
2018.1151
2018.1145
2018.1138
2018.1131
2018.1124
2018.1118
2018.1111
2018.1104
2018.1097
2018.1091
2018.1084
2018.1077
2018.1070
2018.1063
2018.1057
2018.1050
2018.1043
2018.1036
2018.1029
2018.1022
2018.1015
2018.1008
2018.1001
2018.0994
2018.0987
end

