Number of Steps:   1000, Learning Rate: 0.00100
Starting Distribution
1.00, 0.00, 0.00, 0.00
0.00, 0.49, 0.51, 0.00
0.00, 0.49, 0.51, 0.00
1.00, 0.00, 0.00, 0.00
0.00, 0.49, 0.51, 0.00
0.00, 0.49, 0.51, 0.00
1.00, 0.00, 0.00, 0.00
0.00, 0.49, 0.51, 0.00
0.00, 0.51, 0.49, 0.00
1.00, 0.00, 0.00, 0.00
1.00, 0.00, 0.00, 0.00
0.00, 0.51, 0.49, 0.00
0.00, 0.49, 0.51, 0.00
1.00, 0.00, 0.00, 0.00
0.00, 0.49, 0.51, 0.00
1.00, 0.00, 0.00, 0.00
1.00, 0.00, 0.00, 0.00
1.00, 0.00, 0.00, 0.00
0.00, 0.51, 0.49, 0.00
1.00, 0.00, 0.00, 0.00
0.00, 0.49, 0.51, 0.00
0.00, 0.49, 0.51, 0.00
1.00, 0.00, 0.00, 0.00
0.00, 0.51, 0.49, 0.00
0.00, 0.49, 0.51, 0.00
1.00, 0.00, 0.00, 0.00
1.00, 0.00, 0.00, 0.00
0.00, 0.51, 0.49, 0.00
0.00, 0.49, 0.51, 0.00
1.00, 0.00, 0.00, 0.00
1.00, 0.00, 0.00, 0.00
1.00, 0.00, 0.00, 0.00
1.00, 0.00, 0.00, 0.00
0.00, 0.49, 0.51, 0.00
0.00, 0.49, 0.51, 0.00
1.00, 0.00, 0.00, 0.00

Final Sequence
.((.((.((..((.(...).)).))..))....)).
AGCAGGGGCGACCGGAAACGGGGGCGACCAAAAGCA

free energy: -6.00000 kcal/mol
free energy of ensemble: -11.03446 kcal/mol
p(y|x) =   0.0003

Final Distribution
 1: 1.00, 0.00, 0.00, 0.00
 2: 0.00, 0.00, 1.00, 0.00
 3: 0.00, 1.00, 0.00, 0.00
 4: 1.00, 0.00, 0.00, 0.00
 5: 0.00, 0.00, 1.00, 0.00
 6: 0.00, 0.00, 1.00, 0.00
 7: 0.32, 0.00, 0.68, 0.00
 8: 0.00, 0.00, 1.00, 0.00
 9: 0.00, 1.00, 0.00, 0.00
10: 0.37, 0.00, 0.63, 0.00
11: 0.84, 0.01, 0.14, 0.01
12: 0.00, 1.00, 0.00, 0.00
13: 0.00, 1.00, 0.00, 0.00
14: 0.44, 0.00, 0.56, 0.00
15: 0.00, 0.00, 1.00, 0.00
16: 1.00, 0.00, 0.00, 0.00
17: 1.00, 0.00, 0.00, 0.00
18: 1.00, 0.00, 0.00, 0.00
19: 0.00, 1.00, 0.00, 0.00
20: 0.44, 0.00, 0.56, 0.00
21: 0.00, 0.00, 1.00, 0.00
22: 0.00, 0.00, 1.00, 0.00
23: 0.32, 0.00, 0.68, 0.00
24: 0.00, 0.00, 1.00, 0.00
25: 0.00, 1.00, 0.00, 0.00
26: 0.37, 0.00, 0.63, 0.00
27: 0.84, 0.01, 0.14, 0.01
28: 0.00, 1.00, 0.00, 0.00
29: 0.00, 1.00, 0.00, 0.00
30: 1.00, 0.00, 0.00, 0.00
31: 1.00, 0.00, 0.00, 0.00
32: 1.00, 0.00, 0.00, 0.00
33: 1.00, 0.00, 0.00, 0.00
34: 0.00, 0.00, 1.00, 0.00
35: 0.00, 1.00, 0.00, 0.00
36: 1.00, 0.00, 0.00, 0.00


Total Time: 35.76 seconds.
Average Time: 0.0358 seconds.
Step, Sequence, -log p(y|x), p(y|x)
    0, ACCACGACCAACCAGAAACAGGAGGAACGAAAAGGA,     4.7722,     0.0085
    1, AGCAGGAGCAACCAGAAACAGGAGCAACCAAAAGCA,     0.0000,     1.0000
  651, AGCAGGGGCAACCAGAAACAGGGGCAACCAAAAGCA,     0.0000,     1.0000
  676, AGCAGGGGCGACCAGAAACAGGGGCGACCAAAAGCA,     0.0000,     1.0000
  951, AGCAGGGGCGACCGGAAACGGGGGCGACCAAAAGCA,     0.0000,     1.0000

start
7003.8055
6999.6184
6978.9985
6845.1784
6078.7025
5422.6904
5249.7152
5183.3169
4614.0195
1887.6684
8.9233
8.8735
8.8238
8.7742
8.7247
8.6752
8.6259
8.5765
8.5273
8.4781
8.4290
8.3799
8.3309
8.2820
8.2331
8.1843
8.1356
8.0870
8.0384
7.9898
7.9413
7.8929
7.8446
7.7963
7.7481
7.6999
7.6518
7.6038
7.5558
7.5078
7.4600
7.4122
7.3644
7.3167
7.2691
7.2215
7.1740
7.1265
7.0791
7.0317
6.9844
6.9372
6.8900
6.8429
6.7958
6.7487
6.7017
6.6548
6.6079
6.5611
6.5143
6.4676
6.4209
6.3743
6.3277
6.2812
6.2347
6.1883
6.1419
6.0956
6.0493
6.0031
5.9569
5.9107
5.8646
5.8186
5.7726
5.7266
5.6807
5.6348
5.5890
5.5432
5.4975
5.4518
5.4061
5.3605
5.3149
5.2694
5.2239
5.1785
5.1331
5.0877
5.0424
4.9971
4.9518
4.9066
4.8614
4.8163
4.7712
4.7262
4.6811
4.6362
4.5912
4.5463
4.5014
4.4566
4.4118
4.3670
4.3223
4.2776
4.2330
4.1883
4.1437
4.0992
4.0547
4.0102
3.9657
3.9213
3.8769
3.8325
3.7882
3.7439
3.6996
3.6554
3.6112
3.5670
3.5229
3.4787
3.4347
3.3906
3.3466
3.3026
3.2586
3.2146
3.1707
3.1268
3.0830
3.0391
2.9953
2.9515
2.9078
2.8640
2.8203
2.7766
2.7330
2.6893
2.6457
2.6021
2.5586
2.5150
2.4783
2.4419
2.4054
2.3691
2.3328
2.2965
2.2602
2.2240
2.1879
2.1518
2.1157
2.0796
2.0437
2.0077
1.9718
1.9359
1.9030
1.8709
1.8388
1.8068
1.7747
1.7492
1.7269
1.7045
1.6834
1.6659
1.6484
1.6310
1.6136
1.5962
1.5788
1.5615
1.5442
1.5269
1.5097
1.4924
1.4752
1.4581
1.4409
1.4238
1.4067
1.3897
1.3726
1.3581
1.3437
1.3305
1.3198
1.3092
1.2986
1.2880
1.2774
1.2668
1.2563
1.2458
1.2353
1.2248
1.2144
1.2040
1.1935
1.1832
1.1728
1.1624
1.1521
1.1418
1.1315
1.1213
1.1110
1.1008
1.0906
1.0804
1.0703
1.0601
1.0500
1.0399
1.0298
1.0197
1.0097
0.9997
0.9897
0.9797
0.9697
0.9598
0.9499
0.9400
0.9301
0.9202
0.9104
0.9005
0.8912
0.8830
0.8748
0.8666
0.8584
0.8502
0.8420
0.8339
0.8257
0.8176
0.8107
0.8041
0.7975
0.7909
0.7844
0.7778
0.7713
0.7648
0.7583
0.7518
0.7453
0.7388
0.7323
0.7259
0.7195
0.7131
0.7066
0.7003
0.6939
0.6875
0.6811
0.6748
0.6685
0.6621
0.6558
0.6495
0.6433
0.6370
0.6307
0.6245
0.6182
0.6120
0.6058
0.5996
0.5934
0.5872
0.5811
0.5749
0.5688
0.5626
0.5565
0.5504
0.5443
0.5382
0.5321
0.5261
0.5200
0.5140
0.5080
0.5019
0.4959
0.4899
0.4840
0.4780
0.4720
0.4661
0.4601
0.4542
0.4483
0.4424
0.4365
0.4306
0.4247
0.4189
0.4130
0.4072
0.4013
0.3955
0.3897
0.3839
0.3781
0.3723
0.3666
0.3608
0.3551
0.3493
0.3436
0.3379
0.3322
0.3265
0.3208
0.3151
0.3095
0.3038
0.2982
0.2925
0.2869
0.2813
0.2757
0.2701
0.2645
0.2589
0.2534
0.2478
0.2423
0.2367
0.2312
0.2257
0.2202
0.2147
0.2092
0.2037
0.1983
0.1928
0.1874
0.1819
0.1765
0.1711
0.1657
0.1603
0.1549
0.1495
0.1441
0.1388
0.1334
0.1281
0.1227
0.1174
0.1121
0.1068
0.1015
0.0962
0.0909
0.0856
0.0804
0.0751
0.0699
0.0646
0.0594
0.0542
0.0490
0.0438
0.0386
0.0334
0.0282
0.0230
0.0179
0.0127
0.0076
0.0024
-0.0027
-0.0078
-0.0129
-0.0180
-0.0231
-0.0282
-0.0333
-0.0383
-0.0434
-0.0484
-0.0535
-0.0585
-0.0635
-0.0686
-0.0736
-0.0786
-0.0836
-0.0886
-0.0935
-0.0985
-0.1035
-0.1084
-0.1134
-0.1183
-0.1232
-0.1282
-0.1331
-0.1380
-0.1429
-0.1478
-0.1527
-0.1576
-0.1624
-0.1673
-0.1721
-0.1770
-0.1818
-0.1867
-0.1915
-0.1963
-0.2011
-0.2059
-0.2107
-0.2155
-0.2203
-0.2251
-0.2299
-0.2346
-0.2394
-0.2441
-0.2489
-0.2536
-0.2583
-0.2631
-0.2678
-0.2725
-0.2772
-0.2819
-0.2866
-0.2912
-0.2959
-0.3006
-0.3052
-0.3099
-0.3145
-0.3192
-0.3238
-0.3284
-0.3331
-0.3377
-0.3423
-0.3469
-0.3515
-0.3561
-0.3607
-0.3652
-0.3698
-0.3744
-0.3789
-0.3835
-0.3880
-0.3926
-0.3971
-0.4016
-0.4061
-0.4107
-0.4152
-0.4197
-0.4242
-0.4287
-0.4331
-0.4376
-0.4421
-0.4466
-0.4510
-0.4555
-0.4599
-0.4644
-0.4688
-0.4733
-0.4777
-0.4821
-0.4865
-0.4909
-0.4954
-0.4998
-0.5042
-0.5085
-0.5129
-0.5173
-0.5217
-0.5261
-0.5304
-0.5348
-0.5391
-0.5435
-0.5478
-0.5522
-0.5565
-0.5608
-0.5652
-0.5695
-0.5738
-0.5781
-0.5824
-0.5867
-0.5910
-0.5953
-0.5996
-0.6039
-0.6081
-0.6124
-0.6167
-0.6209
-0.6252
-0.6295
-0.6337
-0.6379
-0.6422
-0.6464
-0.6507
-0.6549
-0.6591
-0.6633
-0.6675
-0.6717
-0.6760
-0.6802
-0.6844
-0.6885
-0.6927
-0.6969
-0.7011
-0.7053
-0.7095
-0.7136
-0.7178
-0.7219
-0.7261
-0.7303
-0.7344
-0.7386
-0.7427
-0.7468
-0.7510
-0.7551
-0.7592
-0.7633
-0.7675
-0.7716
-0.7757
-0.7798
-0.7839
-0.7880
-0.7921
-0.7962
-0.8003
-0.8044
-0.8085
-0.8126
-0.8166
-0.8207
-0.8248
-0.8289
-0.8329
-0.8370
-0.8411
-0.8451
-0.8492
-0.8532
-0.8573
-0.8613
-0.8654
-0.8694
-0.8734
-0.8775
-0.8815
-0.8855
-0.8896
-0.8936
-0.8976
-0.9016
-0.9057
-0.9097
-0.9137
-0.9177
-0.9217
-0.9257
-0.9297
-0.9337
-0.9377
-0.9417
-0.9457
-0.9497
-0.9537
-0.9577
-0.9616
-0.9656
-0.9696
-0.9736
-0.9776
-0.9815
-0.9855
-0.9895
-0.9935
-0.9974
-1.0014
-1.0054
-1.0093
-1.0133
-1.0172
-1.0212
-1.0252
-1.0291
-1.0331
-1.0370
-1.0410
-1.0449
-1.0489
-1.0528
-1.0567
-1.0607
-1.0646
-1.0686
-1.0725
-1.0765
-1.0804
-1.0843
-1.0883
-1.0922
-1.0961
-1.1001
-1.1040
-1.1079
-1.1119
-1.1158
-1.1197
-1.1236
-1.1276
-1.1315
-1.1354
-1.1393
-1.1433
-1.1472
-1.1511
-1.1550
-1.1590
-1.1629
-1.1668
-1.1707
-1.1746
-1.1786
-1.1825
-1.1864
-1.1903
-1.1943
-1.1982
-1.2021
-1.2060
-1.2099
-1.2139
-1.2178
-1.2217
-1.2256
-1.2295
-1.2335
-1.2374
-1.2413
-1.2452
-1.2492
-1.2531
-1.2570
-1.2609
-1.2648
-1.2688
-1.2727
-1.2766
-1.2806
-1.2845
-1.2884
-1.2923
-1.2963
-1.3002
-1.3041
-1.3081
-1.3120
-1.3159
-1.3199
-1.3238
-1.3278
-1.3317
-1.3356
-1.3396
-1.3435
-1.3475
-1.3514
-1.3554
-1.3593
-1.3633
-1.3672
-1.3712
-1.3751
-1.3791
-1.3831
-1.3870
-1.3910
-1.3949
-1.3989
-1.4029
-1.4069
-1.4108
-1.4148
-1.4188
-1.4228
-1.4267
-1.4307
-1.4347
-1.4387
-1.4427
-1.4467
-1.4507
-1.4547
-1.4587
-1.4627
-1.4667
-1.4707
-1.4747
-1.4787
-1.4827
-1.4868
-1.4908
-1.4948
-1.4988
-1.5029
-1.5069
-1.5109
-1.5150
-1.5190
-1.5231
-1.5271
-1.5312
-1.5352
-1.5393
-1.5434
-1.5474
-1.5515
-1.5556
-1.5596
-1.5637
-1.5678
-1.5719
-1.5760
-1.5801
-1.5842
-1.5883
-1.5924
-1.5965
-1.6006
-1.6048
-1.6089
-1.6130
-1.6172
-1.6213
-1.6254
-1.6296
-1.6337
-1.6379
-1.6421
-1.6462
-1.6504
-1.6546
-1.6587
-1.6629
-1.6671
-1.6713
-1.6755
-1.6797
-1.6839
-1.6881
-1.6924
-1.6966
-1.7008
-1.7051
-1.7093
-1.7135
-1.7178
-1.7221
-1.7263
-1.7306
-1.7349
-1.7391
-1.7434
-1.7477
-1.7520
-1.7563
-1.7606
-1.7650
-1.7693
-1.7736
-1.7779
-1.7823
-1.7866
-1.7910
-1.7953
-1.7997
-1.8041
-1.8085
-1.8129
-1.8172
-1.8216
-1.8261
-1.8305
-1.8349
-1.8393
-1.8438
-1.8482
-1.8527
-1.8571
-1.8616
-1.8660
-1.8705
-1.8750
-1.8795
-1.8840
-1.8885
-1.8930
-1.8976
-1.9021
-1.9066
-1.9112
-1.9158
-1.9203
-1.9249
-1.9295
-1.9341
-1.9387
-1.9433
-1.9479
-1.9525
-1.9571
-1.9618
-1.9664
-1.9711
-1.9758
-1.9804
-1.9851
-1.9898
-1.9945
-1.9992
-2.0040
-2.0087
-2.0134
-2.0182
-2.0230
-2.0277
-2.0325
-2.0373
-2.0421
-2.0469
-2.0517
-2.0566
-2.0614
-2.0662
-2.0711
-2.0760
-2.0809
-2.0858
-2.0907
-2.0956
-2.1005
-2.1054
-2.1104
-2.1153
-2.1203
-2.1253
-2.1303
-2.1353
-2.1403
-2.1453
-2.1503
-2.1554
-2.1604
-2.1655
-2.1706
-2.1757
-2.1808
-2.1859
-2.1910
-2.1962
-2.2013
-2.2065
-2.2117
-2.2168
-2.2219
-2.2270
-2.2322
-2.2373
-2.2424
-2.2475
-2.2525
-2.2576
-2.2627
-2.2678
-2.2729
-2.2780
-2.2831
-2.2883
-2.2934
-2.2986
-2.3038
-2.3089
-2.3141
-2.3193
-2.3246
-2.3297
-2.3345
-2.3393
-2.3441
-2.3489
-2.3537
-2.3585
-2.3633
-2.3681
-2.3730
-2.3778
-2.3826
-2.3875
-2.3923
-2.3972
-2.4020
-2.4069
-2.4118
-2.4166
-2.4215
-2.4264
-2.4313
-2.4362
-2.4411
-2.4460
-2.4509
-2.4558
-2.4608
-2.4657
-2.4706
-2.4756
-2.4805
-2.4855
-2.4905
-2.4954
-2.5004
-2.5054
-2.5104
-2.5154
-2.5204
-2.5254
-2.5304
-2.5354
-2.5405
-2.5455
-2.5505
-2.5556
-2.5606
-2.5657
-2.5708
-2.5758
-2.5809
-2.5860
-2.5911
-2.5962
-2.6013
-2.6064
-2.6115
-2.6167
-2.6218
-2.6269
-2.6321
-2.6372
-2.6424
-2.6476
-2.6527
-2.6579
-2.6631
-2.6683
-2.6735
-2.6787
-2.6839
-2.6892
-2.6944
-2.6996
-2.7049
-2.7102
-2.7154
end

