Number of Steps:   1000, Learning Rate: 0.00100
Starting Distribution
0.00, 0.49, 0.51, 0.00
0.00, 0.51, 0.49, 0.00
0.00, 0.49, 0.51, 0.00
0.00, 0.49, 0.51, 0.00
1.00, 0.00, 0.00, 0.00
1.00, 0.00, 0.00, 0.00
1.00, 0.00, 0.00, 0.00
0.00, 0.49, 0.51, 0.00
0.00, 0.49, 0.51, 0.00
0.00, 0.51, 0.49, 0.00
0.00, 0.51, 0.49, 0.00
1.00, 0.00, 0.00, 0.00

Final Sequence
((((...)))).
GGCCAAAGGCCA

free energy: -4.60000 kcal/mol
free energy of ensemble: -4.61237 kcal/mol
p(y|x) =   0.9801

Final Distribution
 1: 0.00, 0.00, 1.00, 0.00
 2: 0.00, 0.00, 1.00, 0.00
 3: 0.00, 1.00, 0.00, 0.00
 4: 0.00, 1.00, 0.00, 0.00
 5: 1.00, 0.00, 0.00, 0.00
 6: 1.00, 0.00, 0.00, 0.00
 7: 1.00, 0.00, 0.00, 0.00
 8: 0.00, 0.00, 1.00, 0.00
 9: 0.00, 0.00, 1.00, 0.00
10: 0.00, 1.00, 0.00, 0.00
11: 0.00, 1.00, 0.00, 0.00
12: 1.00, 0.00, 0.00, 0.00


Total Time: 0.04 seconds.
Average Time: 0.0000 seconds.
Step, Sequence, -log p(y|x), p(y|x)
    0, GCCCAAAGGGCA,     0.0196,     0.9805
    1, GGCCAAAGGCCA,     0.0000,     1.0000

start
3251.0046
3248.6723
3234.0149
3124.7719
2499.7294
2499.3582
2496.7661
2478.0100
2339.2257
1751.9288
1745.7414
1699.3322
1350.5246
969.7560
667.5555
-3.8032
-3.8399
-3.8764
-3.9128
-3.9491
-3.9853
-4.0213
-4.0573
-4.0930
-4.1287
-4.1642
-4.1997
-4.2350
-4.2701
-4.3052
-4.3401
-4.3749
-4.4096
-4.4442
-4.4786
-4.5129
-4.5471
-4.5812
-4.6152
-4.6491
-4.6828
-4.7165
-4.7500
-4.7834
-4.8166
-4.8498
-4.8829
-4.9158
-4.9487
-4.9814
-5.0140
-5.0465
-5.0789
-5.1112
-5.1434
-5.1754
-5.2074
-5.2393
-5.2710
-5.3027
-5.3342
-5.3656
-5.3970
-5.4282
-5.4593
-5.4903
-5.5212
-5.5521
-5.5828
-5.6134
-5.6439
-5.6743
-5.7046
-5.7348
-5.7650
-5.7950
-5.8249
-5.8547
-5.8844
-5.9141
-5.9436
-5.9730
-6.0024
-6.0316
-6.0608
-6.0898
-6.1188
-6.1477
-6.1765
-6.2052
-6.2338
-6.2623
-6.2907
-6.3190
-6.3472
-6.3754
-6.4035
-6.4314
-6.4593
-6.4871
-6.5148
-6.5424
-6.5700
-6.5974
-6.6248
-6.6521
-6.6793
-6.7064
-6.7334
-6.7603
-6.7872
-6.8140
-6.8407
-6.8603
-6.8774
-6.8940
-6.9016
-6.9092
-6.9168
-6.9244
-6.9320
-6.9396
-6.9472
-6.9549
-6.9625
-6.9701
-6.9777
-6.9853
-6.9929
-7.0005
-7.0081
-7.0157
-7.0233
-7.0309
-7.0385
-7.0462
-7.0538
-7.0614
-7.0690
-7.0766
-7.0842
-7.0918
-7.0994
-7.1070
-7.1146
-7.1222
-7.1298
-7.1374
-7.1451
-7.1527
-7.1603
-7.1679
-7.1755
-7.1831
-7.1907
-7.1983
-7.2059
-7.2135
-7.2211
-7.2287
-7.2364
-7.2440
-7.2516
-7.2592
-7.2668
-7.2744
-7.2820
-7.2896
-7.2972
-7.3048
-7.3124
-7.3200
-7.3277
-7.3353
-7.3429
-7.3505
-7.3581
-7.3657
-7.3733
-7.3809
-7.3885
-7.3961
-7.4037
-7.4113
-7.4190
-7.4264
-7.4302
-7.4340
-7.4378
-7.4416
-7.4454
-7.4492
-7.4530
-7.4568
-7.4606
-7.4636
-7.4636
end

