Number of Steps:   1000, Learning Rate: 0.00100
Starting Distribution
1.00, 0.00, 0.00, 0.00
1.00, 0.00, 0.00, 0.00
1.00, 0.00, 0.00, 0.00
1.00, 0.00, 0.00, 0.00
0.00, 0.49, 0.51, 0.00
0.00, 0.51, 0.49, 0.00
0.00, 0.49, 0.51, 0.00
0.00, 0.51, 0.49, 0.00
0.00, 0.51, 0.49, 0.00
0.00, 0.51, 0.49, 0.00
0.00, 0.51, 0.49, 0.00
0.00, 0.51, 0.49, 0.00
1.00, 0.00, 0.00, 0.00
0.00, 0.49, 0.51, 0.00
1.00, 0.00, 0.00, 0.00
1.00, 0.00, 0.00, 0.00
1.00, 0.00, 0.00, 0.00
1.00, 0.00, 0.00, 0.00
0.00, 0.49, 0.51, 0.00
0.00, 0.51, 0.49, 0.00
1.00, 0.00, 0.00, 0.00
0.00, 0.49, 0.51, 0.00
1.00, 0.00, 0.00, 0.00
0.00, 0.51, 0.49, 0.00
1.00, 0.00, 0.00, 0.00
0.00, 0.51, 0.49, 0.00
0.00, 0.51, 0.49, 0.00
0.00, 0.51, 0.49, 0.00
0.00, 0.49, 0.51, 0.00
0.00, 0.51, 0.49, 0.00
1.00, 0.00, 0.00, 0.00
1.00, 0.00, 0.00, 0.00
1.00, 0.00, 0.00, 0.00
1.00, 0.00, 0.00, 0.00

Final Sequence
....((((((((.(....)).).).)))))....
AAAAGCGGGCCCACGAAAGGAGAGACCCGCAAAA

free energy: -7.20000 kcal/mol
free energy of ensemble: -9.17172 kcal/mol
p(y|x) =   0.0408

Final Distribution
 1: 1.00, 0.00, 0.00, 0.00
 2: 1.00, 0.00, 0.00, 0.00
 3: 1.00, 0.00, 0.00, 0.00
 4: 1.00, 0.00, 0.00, 0.00
 5: 0.00, 0.00, 1.00, 0.00
 6: 0.00, 1.00, 0.00, 0.00
 7: 0.00, 0.00, 1.00, 0.00
 8: 0.00, 0.00, 1.00, 0.00
 9: 0.00, 0.00, 1.00, 0.00
10: 0.00, 1.00, 0.00, 0.00
11: 0.00, 1.00, 0.00, 0.00
12: 0.00, 1.00, 0.00, 0.00
13: 1.00, 0.00, 0.00, 0.00
14: 0.00, 1.00, 0.00, 0.00
15: 0.36, 0.00, 0.64, 0.00
16: 1.00, 0.00, 0.00, 0.00
17: 1.00, 0.00, 0.00, 0.00
18: 1.00, 0.00, 0.00, 0.00
19: 0.00, 0.00, 1.00, 0.00
20: 0.00, 0.00, 1.00, 0.00
21: 1.00, 0.00, 0.00, 0.00
22: 0.00, 0.00, 1.00, 0.00
23: 1.00, 0.00, 0.00, 0.00
24: 0.00, 0.00, 1.00, 0.00
25: 1.00, 0.00, 0.00, 0.00
26: 0.00, 1.00, 0.00, 0.00
27: 0.00, 1.00, 0.00, 0.00
28: 0.00, 1.00, 0.00, 0.00
29: 0.00, 0.00, 1.00, 0.00
30: 0.00, 1.00, 0.00, 0.00
31: 1.00, 0.00, 0.00, 0.00
32: 1.00, 0.00, 0.00, 0.00
33: 1.00, 0.00, 0.00, 0.00
34: 1.00, 0.00, 0.00, 0.00


Total Time: 24.12 seconds.
Average Time: 0.0241 seconds.
Step, Sequence, -log p(y|x), p(y|x)
    0, AAAAGCGCCCCCACAAAAGGAGAGAGGCGCAAAA,     4.1461,     0.0158
    1, AAAAGCGGCCCCACAAAAGGAGAGAGCCGCAAAA,     0.0000,     1.0000
   26, AAAAGCGGGCCCACAAAAGGAGAGACCCGCAAAA,     0.0000,     1.0000
  801, AAAAGCGGGCCCACGAAAGGAGAGACCCGCAAAA,     0.0000,     1.0000

start
6999.7876
6994.8649
6970.1081
6811.1982
5894.1081
4378.0589
4225.3473
4102.1642
3498.0072
3495.3911
3469.5644
3206.0245
2160.1076
999.2224
999.1575
999.0926
999.0276
998.9611
998.8802
998.6590
996.9126
978.4313
776.3343
-2.1020
-2.1929
-2.2837
-2.3742
-2.4646
-2.5548
-2.6448
-2.7347
-2.8244
-2.9138
-3.0032
-3.0923
-3.1813
-3.2701
-3.3587
-3.4472
-3.5354
-3.6235
-3.7115
-3.7993
-3.8869
-3.9743
-4.0616
-4.1487
-4.2357
-4.3225
-4.4091
-4.4956
-4.5819
-4.6681
-4.7541
-4.8399
-4.9256
-5.0111
-5.0965
-5.1818
-5.2668
-5.3518
-5.4365
-5.5212
-5.6056
-5.6900
-5.7741
-5.8582
-5.9421
-6.0258
-6.1094
-6.1928
-6.2762
-6.3593
-6.4424
-6.5253
-6.6080
-6.6906
-6.7731
-6.8554
-6.9376
-7.0197
-7.1016
-7.1834
-7.2651
-7.3466
-7.4280
-7.5093
-7.5904
-7.6715
-7.7523
-7.8331
-7.9137
-7.9942
-8.0746
-8.1549
-8.2350
-8.3150
-8.3949
-8.4746
-8.5543
-8.6338
-8.7132
-8.7925
-8.8716
-8.9507
-9.0296
-9.1084
-9.1871
-9.2656
-9.3441
-9.4225
-9.4926
-9.5589
-9.6251
-9.6797
-9.7239
-9.7680
-9.8089
-9.8412
-9.8734
-9.9056
-9.9378
-9.9699
-10.0019
-10.0273
-10.0496
-10.0720
-10.0942
-10.1132
-10.1295
-10.1458
-10.1621
-10.1784
-10.1948
-10.2111
-10.2274
-10.2437
-10.2601
-10.2764
-10.2928
-10.3073
-10.3173
-10.3272
-10.3372
-10.3472
-10.3572
-10.3672
-10.3772
-10.3872
-10.3972
-10.4012
-10.4047
-10.4081
-10.4115
-10.4149
-10.4184
-10.4218
-10.4252
-10.4286
-10.4320
-10.4355
-10.4389
-10.4423
-10.4457
-10.4492
-10.4526
-10.4560
-10.4594
-10.4628
-10.4663
-10.4697
-10.4731
-10.4765
-10.4800
-10.4834
-10.4868
-10.4902
-10.4936
-10.4971
-10.5005
-10.5039
-10.5073
-10.5108
-10.5142
-10.5176
-10.5210
-10.5244
-10.5279
-10.5313
-10.5336
-10.5344
-10.5353
-10.5361
-10.5370
-10.5378
-10.5386
-10.5395
-10.5403
-10.5412
-10.5420
-10.5428
-10.5437
-10.5445
-10.5454
-10.5462
-10.5471
-10.5479
-10.5487
-10.5496
-10.5504
-10.5513
-10.5521
-10.5530
-10.5538
-10.5546
-10.5555
-10.5563
-10.5572
-10.5580
-10.5589
-10.5597
-10.5605
-10.5614
-10.5622
-10.5631
-10.5639
-10.5648
-10.5656
-10.5664
-10.5673
-10.5681
-10.5690
-10.5698
-10.5706
-10.5715
-10.5723
-10.5732
-10.5740
-10.5749
-10.5757
-10.5765
-10.5774
-10.5782
-10.5791
-10.5799
-10.5808
-10.5816
-10.5824
-10.5833
-10.5841
-10.5850
-10.5858
-10.5867
-10.5875
-10.5883
-10.5892
-10.5900
-10.5909
-10.5917
-10.5926
-10.5934
-10.5942
-10.5951
-10.5959
-10.5968
-10.5976
-10.5984
-10.5993
-10.6001
-10.6010
-10.6018
-10.6027
-10.6035
-10.6043
-10.6052
-10.6060
-10.6069
-10.6077
-10.6086
-10.6094
-10.6102
-10.6111
-10.6119
-10.6128
-10.6136
-10.6145
-10.6153
-10.6161
-10.6170
-10.6178
-10.6187
-10.6195
-10.6204
-10.6212
-10.6220
-10.6229
-10.6237
-10.6246
-10.6254
-10.6262
-10.6271
-10.6279
-10.6288
-10.6296
-10.6305
-10.6313
-10.6321
-10.6330
-10.6338
-10.6347
-10.6355
-10.6364
-10.6372
-10.6380
-10.6389
-10.6397
-10.6406
-10.6414
-10.6423
-10.6431
-10.6439
-10.6448
-10.6456
-10.6465
-10.6473
-10.6482
-10.6490
-10.6498
-10.6507
-10.6515
-10.6524
-10.6532
-10.6540
-10.6549
-10.6557
-10.6566
-10.6574
-10.6583
-10.6591
-10.6599
-10.6608
-10.6616
-10.6625
-10.6633
-10.6642
-10.6650
-10.6658
-10.6667
-10.6675
-10.6684
-10.6692
-10.6701
-10.6709
-10.6717
-10.6726
-10.6734
-10.6743
-10.6751
-10.6760
-10.6768
-10.6776
-10.6785
-10.6793
-10.6802
-10.6810
-10.6818
-10.6827
-10.6835
-10.6844
-10.6852
-10.6861
-10.6869
-10.6877
-10.6886
-10.6894
-10.6903
-10.6911
-10.6920
-10.6928
-10.6936
-10.6945
-10.6953
-10.6962
-10.6970
-10.6979
-10.6987
-10.6995
-10.7004
-10.7012
-10.7021
-10.7029
-10.7038
-10.7046
-10.7054
-10.7063
-10.7071
-10.7080
-10.7088
-10.7097
-10.7105
-10.7113
-10.7122
-10.7130
-10.7139
-10.7147
-10.7155
-10.7164
-10.7172
-10.7181
-10.7189
-10.7198
-10.7206
-10.7214
-10.7223
-10.7231
-10.7240
-10.7248
-10.7257
-10.7265
-10.7273
-10.7282
-10.7290
-10.7299
-10.7307
-10.7316
-10.7324
-10.7332
-10.7341
-10.7349
-10.7358
-10.7366
-10.7375
-10.7383
-10.7391
-10.7400
-10.7408
-10.7417
-10.7425
-10.7433
-10.7442
-10.7450
-10.7459
-10.7467
-10.7476
-10.7484
-10.7492
-10.7501
-10.7509
-10.7518
-10.7526
-10.7535
-10.7543
-10.7551
-10.7560
-10.7568
-10.7577
-10.7585
-10.7594
-10.7602
-10.7610
-10.7619
-10.7627
-10.7636
-10.7644
-10.7653
-10.7661
-10.7669
-10.7678
-10.7686
-10.7695
-10.7703
-10.7711
-10.7720
-10.7728
-10.7737
-10.7745
-10.7754
-10.7762
-10.7770
-10.7779
-10.7787
-10.7796
-10.7804
-10.7813
-10.7821
-10.7829
-10.7838
-10.7846
-10.7855
-10.7863
-10.7872
-10.7880
-10.7888
-10.7897
-10.7905
-10.7914
-10.7922
-10.7931
-10.7939
-10.7947
-10.7956
-10.7964
-10.7973
-10.7981
-10.7989
-10.7998
-10.8006
-10.8015
-10.8023
-10.8032
-10.8040
-10.8048
-10.8057
-10.8065
-10.8074
-10.8082
-10.8091
-10.8099
-10.8107
-10.8116
-10.8124
-10.8133
-10.8141
-10.8150
-10.8158
-10.8166
-10.8175
-10.8183
-10.8192
-10.8200
-10.8209
-10.8217
-10.8225
-10.8234
-10.8242
-10.8251
-10.8259
-10.8267
-10.8276
-10.8284
-10.8293
-10.8301
-10.8310
-10.8318
-10.8326
-10.8335
-10.8343
-10.8352
-10.8360
-10.8369
-10.8377
-10.8385
-10.8394
-10.8402
-10.8411
-10.8419
-10.8428
-10.8436
-10.8444
-10.8453
-10.8461
-10.8470
-10.8478
-10.8487
-10.8495
-10.8503
-10.8512
-10.8520
-10.8529
-10.8537
-10.8545
-10.8554
-10.8562
-10.8571
-10.8579
-10.8588
-10.8596
-10.8604
-10.8613
-10.8621
-10.8630
-10.8638
-10.8647
-10.8655
-10.8663
-10.8672
-10.8680
-10.8689
-10.8697
-10.8706
-10.8714
-10.8722
-10.8731
-10.8739
-10.8748
-10.8756
-10.8765
-10.8773
-10.8781
-10.8790
-10.8798
-10.8807
-10.8815
-10.8823
-10.8832
-10.8840
-10.8849
-10.8857
-10.8866
-10.8874
-10.8882
-10.8891
-10.8899
-10.8908
-10.8916
-10.8925
-10.8933
-10.8941
-10.8950
-10.8958
-10.8967
-10.8975
-10.8984
-10.8992
-10.9000
-10.9009
-10.9017
-10.9026
-10.9034
-10.9043
-10.9051
-10.9059
-10.9068
-10.9076
-10.9085
-10.9093
-10.9101
-10.9110
-10.9118
-10.9127
-10.9135
-10.9144
-10.9152
-10.9160
-10.9169
-10.9177
-10.9186
-10.9194
-10.9203
-10.9211
-10.9219
-10.9228
-10.9236
-10.9245
-10.9253
-10.9262
-10.9270
-10.9278
-10.9287
-10.9295
-10.9304
-10.9312
-10.9321
-10.9329
-10.9337
-10.9346
-10.9354
-10.9363
-10.9371
-10.9379
-10.9388
-10.9396
-10.9405
-10.9413
-10.9422
-10.9430
-10.9438
-10.9447
-10.9455
-10.9464
-10.9472
-10.9481
-10.9489
-10.9497
-10.9506
-10.9514
-10.9523
-10.9531
-10.9540
-10.9548
-10.9556
-10.9565
-10.9573
-10.9582
-10.9590
-10.9599
-10.9607
-10.9615
-10.9624
-10.9632
-10.9641
-10.9649
-10.9658
-10.9666
-10.9674
-10.9683
-10.9691
-10.9700
-10.9708
-10.9716
-10.9725
-10.9733
-10.9742
-10.9750
-10.9759
-10.9767
-10.9775
-10.9784
-10.9792
-10.9801
-10.9809
-10.9818
-10.9826
-10.9834
-10.9843
-10.9851
-10.9860
-10.9868
-10.9877
-10.9885
-10.9893
-10.9902
-10.9910
-10.9919
-10.9927
-10.9936
-10.9944
-10.9952
-10.9961
-10.9969
-10.9978
-10.9986
-10.9994
-11.0003
-11.0011
-11.0020
-11.0028
-11.0037
-11.0045
-11.0053
-11.0062
-11.0070
-11.0079
-11.0087
-11.0096
-11.0104
-11.0112
-11.0121
-11.0129
-11.0138
-11.0146
-11.0155
-11.0163
-11.0171
-11.0180
-11.0188
-11.0197
-11.0205
-11.0214
-11.0222
-11.0230
-11.0239
-11.0247
-11.0256
-11.0264
-11.0272
-11.0281
-11.0289
-11.0298
-11.0306
-11.0315
-11.0323
-11.0331
-11.0340
-11.0348
-11.0357
-11.0365
-11.0374
-11.0382
-11.0390
-11.0399
-11.0407
-11.0416
-11.0424
-11.0433
-11.0441
-11.0449
-11.0458
-11.0466
-11.0475
-11.0483
-11.0492
-11.0500
-11.0508
-11.0517
-11.0525
-11.0534
-11.0542
-11.0550
-11.0559
-11.0567
-11.0576
-11.0584
-11.0593
-11.0601
-11.0609
-11.0618
-11.0626
-11.0635
-11.0643
-11.0652
-11.0660
-11.0668
-11.0677
-11.0685
-11.0694
-11.0702
-11.0711
-11.0719
-11.0727
-11.0736
-11.0744
-11.0753
-11.0761
-11.0770
-11.0778
-11.0786
-11.0795
-11.0803
-11.0812
-11.0820
-11.0829
-11.0837
-11.0845
-11.0854
-11.0862
-11.0871
-11.0879
-11.0887
-11.0896
-11.0904
-11.0913
-11.0921
-11.0930
-11.0938
-11.0946
-11.0955
-11.0963
-11.0972
-11.0980
-11.0989
-11.0997
-11.1005
-11.1014
-11.1022
-11.1031
-11.1039
-11.1048
-11.1056
-11.1064
-11.1073
-11.1081
-11.1090
-11.1098
-11.1107
-11.1115
-11.1123
-11.1132
-11.1140
-11.1149
-11.1157
-11.1166
-11.1174
-11.1182
-11.1191
-11.1199
-11.1208
-11.1216
-11.1225
-11.1233
-11.1241
-11.1250
-11.1258
-11.1267
-11.1275
-11.1284
-11.1292
-11.1300
-11.1309
-11.1317
-11.1326
-11.1334
-11.1343
-11.1351
-11.1359
-11.1368
-11.1376
-11.1385
-11.1393
-11.1402
-11.1410
-11.1419
-11.1427
-11.1435
-11.1444
-11.1452
-11.1461
-11.1469
-11.1478
-11.1486
-11.1494
-11.1503
-11.1511
-11.1520
-11.1528
-11.1537
-11.1545
-11.1553
-11.1562
-11.1570
-11.1579
-11.1587
-11.1596
-11.1604
-11.1612
-11.1621
-11.1629
-11.1638
-11.1646
-11.1655
-11.1663
-11.1672
-11.1680
-11.1688
-11.1697
-11.1705
-11.1714
-11.1722
-11.1731
-11.1739
-11.1747
-11.1756
-11.1764
-11.1773
-11.1781
-11.1790
-11.1798
-11.1806
-11.1815
-11.1823
-11.1832
-11.1840
-11.1849
-11.1857
-11.1866
-11.1874
-11.1882
-11.1891
-11.1899
-11.1908
-11.1916
-11.1925
-11.1933
-11.1942
-11.1950
-11.1958
-11.1967
-11.1975
-11.1984
-11.1992
-11.2001
-11.2009
-11.2017
-11.2026
-11.2034
-11.2043
-11.2051
-11.2060
-11.2068
-11.2077
-11.2085
-11.2093
-11.2102
-11.2110
-11.2119
-11.2127
-11.2136
-11.2144
-11.2153
-11.2161
end

