Number of Steps:   1000, Learning Rate: 0.00100, Beam Size: 100
Starting Distribution
0.00, 0.49, 0.51, 0.00
0.00, 0.49, 0.51, 0.00
0.00, 0.51, 0.49, 0.00
0.00, 0.49, 0.51, 0.00
0.00, 0.49, 0.51, 0.00
1.00, 0.00, 0.00, 0.00
1.00, 0.00, 0.00, 0.00
1.00, 0.00, 0.00, 0.00
1.00, 0.00, 0.00, 0.00
1.00, 0.00, 0.00, 0.00
1.00, 0.00, 0.00, 0.00
0.00, 0.51, 0.49, 0.00
0.00, 0.51, 0.49, 0.00
0.00, 0.51, 0.49, 0.00
0.00, 0.51, 0.49, 0.00
0.00, 0.51, 0.49, 0.00

Final Sequence
(((((......)))))
GGCGGAAAAAACCGCC

free energy: -8.10000 kcal/mol
free energy of ensemble: -8.10772 kcal/mol
p(y|x) =   0.9876

Final Distribution
 1: 0.00, 0.00, 1.00, 0.00
 2: 0.00, 0.00, 1.00, 0.00
 3: 0.00, 1.00, 0.00, 0.00
 4: 0.00, 0.00, 1.00, 0.00
 5: 0.00, 0.00, 1.00, 0.00
 6: 1.00, 0.00, 0.00, 0.00
 7: 1.00, 0.00, 0.00, 0.00
 8: 1.00, 0.00, 0.00, 0.00
 9: 1.00, 0.00, 0.00, 0.00
10: 1.00, 0.00, 0.00, 0.00
11: 1.00, 0.00, 0.00, 0.00
12: 0.00, 1.00, 0.00, 0.00
13: 0.00, 1.00, 0.00, 0.00
14: 0.00, 0.00, 1.00, 0.00
15: 0.00, 1.00, 0.00, 0.00
16: 0.00, 1.00, 0.00, 0.00


Total Time: 297.39 seconds.
Average Time: 0.2974 seconds.
Step, Sequence, -log p(y|x), p(y|x)
    0, GGCGGAAAAAACCGCC,     0.0125,     0.9876

start
4008.0717
4002.5125
3966.6617
3714.9814
2196.2341
1007.0059
1006.8707
1005.5219
990.8111
829.0188
3.4893
3.4645
3.4396
3.4148
3.3901
3.3653
3.3406
3.3159
3.2912
3.2666
3.2419
3.2174
3.1928
3.1682
3.1437
3.1193
3.0948
3.0704
3.0460
3.0216
2.9972
2.9729
2.9486
2.9244
2.9001
2.8759
2.8517
2.8276
2.8034
2.7793
2.7552
2.7312
2.7072
2.6831
2.6592
2.6352
2.6113
2.5874
2.5635
2.5397
2.5158
2.4920
2.4682
2.4445
2.4208
2.3971
2.3734
2.3497
2.3261
2.3025
2.2789
2.2554
2.2318
2.2083
2.1848
2.1614
2.1379
2.1145
2.0911
2.0678
2.0444
2.0211
1.9978
1.9745
1.9513
1.9280
1.9048
1.8817
1.8585
1.8354
1.8123
1.7892
1.7661
1.7430
1.7200
1.6970
1.6740
1.6511
1.6281
1.6052
1.5823
1.5595
1.5366
1.5138
1.4910
1.4682
1.4454
1.4226
1.3999
1.3772
1.3545
1.3318
1.3092
1.2866
1.2639
1.2414
1.2188
1.1962
1.1737
1.1512
1.1287
1.1062
1.0838
1.0613
1.0389
1.0165
0.9941
0.9717
0.9494
0.9271
0.9047
0.8824
0.8602
0.8379
0.8157
0.7934
0.7712
0.7490
0.7268
0.7047
0.6825
0.6663
0.6587
0.6516
0.6445
0.6374
0.6303
0.6232
0.6161
0.6090
0.6019
0.5948
0.5877
0.5806
0.5735
0.5663
0.5592
0.5521
0.5450
0.5378
0.5307
0.5236
0.5165
0.5094
0.5022
0.4951
0.4880
0.4808
0.4737
0.4666
0.4594
0.4523
0.4452
0.4380
0.4309
0.4237
0.4166
0.4095
0.4023
0.3952
0.3880
0.3809
0.3737
0.3666
0.3594
0.3523
0.3451
0.3380
0.3308
0.3237
0.3165
0.3094
0.3022
0.2950
0.2879
0.2807
0.2736
0.2664
0.2592
0.2521
0.2449
0.2378
0.2306
0.2234
0.2163
0.2091
0.2019
0.1955
0.1918
0.1880
0.1842
0.1804
0.1767
0.1729
0.1691
0.1653
0.1615
0.1577
0.1556
0.1541
0.1526
0.1510
0.1495
0.1480
0.1464
0.1449
0.1433
0.1418
0.1402
0.1387
0.1371
0.1356
0.1340
0.1325
0.1309
0.1294
0.1278
0.1263
0.1247
0.1231
0.1216
0.1200
0.1184
0.1169
0.1153
0.1137
0.1121
0.1106
0.1090
0.1074
0.1058
0.1042
0.1027
0.1011
0.0995
0.0979
0.0963
0.0947
0.0931
0.0915
0.0899
0.0883
0.0867
0.0851
0.0835
0.0819
0.0803
0.0787
0.0771
0.0755
0.0739
0.0723
0.0707
0.0690
0.0674
0.0658
0.0642
0.0626
0.0609
0.0593
0.0577
0.0561
0.0544
0.0528
0.0512
0.0495
0.0479
0.0463
0.0446
0.0430
0.0413
0.0397
0.0381
0.0364
0.0348
0.0331
0.0315
0.0298
0.0282
0.0265
0.0248
0.0232
0.0215
0.0199
0.0182
0.0166
0.0149
0.0132
0.0125
0.0125
end

