Number of Steps:   1000, Learning Rate: 0.00100, Beam Size: 100
Starting Distribution
0.00, 0.51, 0.49, 0.00
0.00, 0.49, 0.51, 0.00
1.00, 0.00, 0.00, 0.00
1.00, 0.00, 0.00, 0.00
1.00, 0.00, 0.00, 0.00
1.00, 0.00, 0.00, 0.00
0.00, 0.49, 0.51, 0.00
0.00, 0.51, 0.49, 0.00
1.00, 0.00, 0.00, 0.00
0.00, 0.49, 0.51, 0.00
0.00, 0.49, 0.51, 0.00
1.00, 0.00, 0.00, 0.00
1.00, 0.00, 0.00, 0.00
1.00, 0.00, 0.00, 0.00
1.00, 0.00, 0.00, 0.00
0.00, 0.49, 0.51, 0.00
0.00, 0.49, 0.51, 0.00

Final Sequence
((....)).((....))
GCAAAAGCAGCAAAAGC

free energy:  1.40000 kcal/mol
free energy of ensemble: -0.46774 kcal/mol
p(y|x) =   0.0483

Final Distribution
 1: 0.00, 0.00, 1.00, 0.00
 2: 0.00, 1.00, 0.00, 0.00
 3: 0.71, 0.00, 0.29, 0.00
 4: 1.00, 0.00, 0.00, 0.00
 5: 1.00, 0.00, 0.00, 0.00
 6: 1.00, 0.00, 0.00, 0.00
 7: 0.00, 0.00, 1.00, 0.00
 8: 0.00, 1.00, 0.00, 0.00
 9: 1.00, 0.00, 0.00, 0.00
10: 0.00, 0.00, 1.00, 0.00
11: 0.00, 1.00, 0.00, 0.00
12: 0.59, 0.00, 0.41, 0.00
13: 1.00, 0.00, 0.00, 0.00
14: 1.00, 0.00, 0.00, 0.00
15: 1.00, 0.00, 0.00, 0.00
16: 0.00, 0.00, 1.00, 0.00
17: 0.00, 1.00, 0.00, 0.00


Total Time: 1492.21 seconds.
Average Time: 1.4922 seconds.
Step, Sequence, -log p(y|x), p(y|x)
    0, CCAAAAGGACCAAAAGG,     3.1089,     0.0447
    1, GCAAAAGCAGCAAAAGC,     0.0000,     1.0000

start
3505.8186
3505.5788
3505.4671
3505.3645
3504.6749
3500.3055
3469.2103
3237.5488
1716.4626
6.0229
5.9962
5.9696
5.9431
5.9168
5.8906
5.8645
5.8386
5.8127
5.7870
5.7614
5.7359
5.7106
5.6853
5.6602
5.6352
5.6103
5.5855
5.5608
5.5363
5.5118
5.4875
5.4633
5.4392
5.4152
5.3913
5.3675
5.3438
5.3203
5.2968
5.2734
5.2502
5.2271
5.2040
5.1811
5.1583
5.1356
5.1129
5.0904
5.0680
5.0457
5.0235
5.0014
4.9794
4.9575
4.9356
4.9139
4.8923
4.8708
4.8494
4.8280
4.8068
4.7857
4.7646
4.7437
4.7228
4.7021
4.6814
4.6608
4.6404
4.6200
4.5997
4.5795
4.5593
4.5393
4.5194
4.4995
4.4798
4.4601
4.4405
4.4210
4.4016
4.3823
4.3630
4.3439
4.3248
4.3058
4.2869
4.2681
4.2494
4.2307
4.2121
4.1936
4.1752
4.1569
4.1387
4.1205
4.1024
4.0844
4.0665
4.0486
4.0308
4.0131
3.9955
3.9780
3.9605
3.9431
3.9258
3.9085
3.8914
3.8743
3.8573
3.8403
3.8234
3.8066
3.7899
3.7733
3.7567
3.7402
3.7237
3.7074
3.6911
3.6748
3.6587
3.6426
3.6266
3.6106
3.5947
3.5789
3.5631
3.5474
3.5318
3.5163
3.5008
3.4854
3.4700
3.4547
3.4395
3.4243
3.4092
3.3942
3.3792
3.3643
3.3494
3.3346
3.3199
3.3053
3.2907
3.2761
3.2616
3.2496
3.2403
3.2330
3.2286
3.2241
3.2197
3.2152
3.2108
3.2064
3.2019
3.1975
3.1930
3.1886
3.1842
3.1797
3.1753
3.1709
3.1664
3.1620
3.1575
3.1531
3.1487
3.1442
3.1398
3.1354
3.1309
3.1265
3.1221
3.1176
3.1132
3.1088
3.1043
3.0999
3.0955
3.0910
3.0866
3.0822
3.0777
3.0733
3.0689
3.0645
3.0600
3.0556
3.0512
3.0468
3.0423
3.0379
3.0335
3.0291
3.0246
3.0202
3.0158
3.0114
3.0069
3.0025
2.9981
2.9937
2.9892
2.9848
2.9804
2.9760
2.9716
2.9671
2.9627
2.9583
2.9539
2.9495
2.9453
2.9429
2.9405
2.9381
2.9357
2.9333
2.9327
2.9322
2.9318
2.9313
2.9309
2.9304
2.9300
2.9295
2.9291
2.9286
2.9282
2.9277
2.9273
2.9268
2.9263
2.9259
2.9254
2.9250
2.9245
2.9241
2.9236
2.9232
2.9227
2.9223
2.9218
2.9213
2.9209
2.9204
2.9200
2.9195
2.9191
2.9186
2.9181
2.9177
2.9172
2.9168
2.9163
2.9159
2.9154
2.9149
2.9145
2.9140
2.9136
2.9131
2.9126
2.9122
2.9117
2.9113
2.9108
2.9103
2.9099
2.9094
2.9090
2.9085
2.9080
2.9076
2.9071
2.9066
2.9062
2.9057
2.9053
2.9048
2.9043
2.9039
2.9034
2.9029
2.9025
2.9020
2.9016
2.9011
2.9006
2.9002
2.8997
2.8992
2.8988
2.8983
2.8978
2.8974
2.8969
2.8964
2.8960
2.8955
2.8950
2.8946
2.8941
2.8936
2.8932
2.8927
2.8922
2.8918
2.8913
2.8908
2.8904
2.8899
2.8894
2.8890
2.8885
2.8880
2.8875
2.8871
2.8866
2.8861
2.8857
2.8852
2.8847
2.8843
2.8838
2.8833
2.8828
2.8824
2.8819
2.8814
2.8810
2.8805
2.8800
2.8795
2.8791
2.8786
2.8781
2.8776
2.8772
2.8767
2.8762
2.8757
2.8753
2.8748
2.8743
2.8738
2.8734
2.8729
2.8724
2.8719
2.8715
2.8710
2.8705
2.8700
2.8696
2.8691
2.8686
2.8681
2.8676
2.8672
2.8667
2.8662
2.8657
2.8653
2.8648
2.8643
2.8638
2.8633
2.8629
2.8624
2.8619
2.8614
2.8609
2.8605
2.8600
2.8595
2.8590
2.8585
2.8581
2.8576
2.8571
2.8566
2.8561
2.8556
2.8552
2.8547
2.8542
2.8537
2.8532
2.8528
2.8523
2.8518
2.8513
2.8508
2.8503
2.8498
2.8494
2.8489
2.8484
2.8479
2.8474
2.8469
2.8464
2.8460
2.8455
2.8450
2.8445
2.8440
2.8435
2.8430
2.8426
2.8421
2.8416
2.8411
2.8406
2.8401
2.8396
2.8391
2.8387
2.8382
2.8377
2.8372
2.8367
2.8362
2.8357
2.8352
2.8347
2.8342
2.8338
2.8333
2.8328
2.8323
2.8318
2.8313
2.8308
2.8303
2.8298
2.8293
2.8288
2.8283
2.8279
2.8274
2.8269
2.8264
2.8259
2.8254
2.8249
2.8244
2.8239
2.8234
2.8229
2.8224
2.8219
2.8214
2.8209
2.8204
2.8199
2.8194
2.8189
2.8184
2.8180
2.8175
2.8170
2.8165
2.8160
2.8155
2.8150
2.8145
2.8140
2.8135
2.8130
2.8125
2.8120
2.8115
2.8110
2.8105
2.8100
2.8095
2.8090
2.8085
2.8080
2.8075
2.8070
2.8065
2.8060
2.8055
2.8050
2.8045
2.8040
2.8035
2.8030
2.8025
2.8020
2.8015
2.8010
2.8004
2.7999
2.7994
2.7989
2.7984
2.7979
2.7974
2.7969
2.7964
2.7959
2.7954
2.7949
2.7944
2.7939
2.7934
2.7929
2.7924
2.7919
2.7914
2.7909
2.7904
2.7898
2.7893
2.7888
2.7883
2.7878
2.7873
2.7868
2.7863
2.7858
2.7853
2.7848
2.7843
2.7838
2.7832
2.7827
2.7822
2.7817
2.7812
2.7807
2.7802
2.7797
2.7792
2.7787
2.7781
2.7776
2.7771
2.7766
2.7761
2.7756
2.7751
2.7746
2.7740
2.7735
2.7730
2.7725
2.7720
2.7715
2.7710
2.7704
2.7699
2.7694
2.7689
2.7684
2.7679
2.7674
2.7668
2.7663
2.7658
2.7653
2.7648
2.7643
2.7637
2.7632
2.7627
2.7622
2.7617
2.7612
2.7606
2.7601
2.7596
2.7591
2.7586
2.7581
2.7575
2.7570
2.7565
2.7560
2.7555
2.7549
2.7544
2.7539
2.7534
2.7529
2.7523
2.7518
2.7513
2.7508
2.7503
2.7497
2.7492
2.7487
2.7482
2.7477
2.7471
2.7466
2.7461
2.7456
2.7450
2.7445
2.7440
2.7435
2.7429
2.7424
2.7419
2.7414
2.7408
2.7403
2.7398
2.7393
2.7387
2.7382
2.7377
2.7372
2.7366
2.7361
2.7356
2.7351
2.7345
2.7340
2.7335
2.7330
2.7324
2.7319
2.7314
2.7308
2.7303
2.7298
2.7293
2.7287
2.7282
2.7277
2.7271
2.7266
2.7261
2.7256
2.7250
2.7245
2.7240
2.7234
2.7229
2.7224
2.7218
2.7213
2.7208
2.7202
2.7197
2.7192
2.7187
2.7181
2.7176
2.7171
2.7165
2.7160
2.7155
2.7149
2.7144
2.7139
2.7133
2.7128
2.7123
2.7117
2.7112
2.7106
2.7101
2.7096
2.7090
2.7085
2.7080
2.7074
2.7069
2.7064
2.7058
2.7053
2.7048
2.7042
2.7037
2.7031
2.7026
2.7021
2.7015
2.7010
2.7004
2.6999
2.6994
2.6988
2.6983
2.6978
2.6972
2.6967
2.6961
2.6956
2.6951
2.6945
2.6940
2.6934
2.6929
2.6924
2.6918
2.6913
2.6907
2.6902
2.6896
2.6891
2.6886
2.6880
2.6875
2.6869
2.6864
2.6858
2.6853
2.6848
2.6842
2.6837
2.6831
2.6826
2.6820
2.6815
2.6809
2.6804
2.6799
2.6793
2.6788
2.6782
2.6777
2.6771
2.6766
2.6760
2.6755
2.6749
2.6744
2.6738
2.6733
2.6728
2.6722
2.6717
2.6711
2.6706
2.6700
2.6695
2.6689
2.6684
2.6678
2.6673
2.6667
2.6662
2.6656
2.6651
2.6645
2.6640
2.6634
2.6629
2.6623
2.6618
2.6612
2.6607
2.6601
2.6596
2.6590
2.6585
2.6579
2.6573
2.6568
2.6562
2.6557
2.6551
2.6546
2.6540
2.6535
2.6529
2.6524
2.6518
2.6513
2.6507
2.6501
2.6496
2.6490
2.6485
2.6479
2.6474
2.6468
2.6463
2.6457
2.6451
2.6446
2.6440
2.6435
2.6429
2.6424
2.6418
2.6412
2.6407
2.6401
2.6396
2.6390
2.6384
2.6379
2.6373
2.6368
2.6362
2.6356
2.6351
2.6345
2.6340
2.6334
2.6328
2.6323
2.6317
2.6312
2.6306
2.6300
2.6295
2.6289
2.6284
2.6278
2.6272
2.6267
2.6261
2.6255
2.6250
2.6244
2.6238
2.6233
2.6227
2.6222
2.6216
2.6210
2.6205
2.6199
2.6193
2.6188
2.6182
2.6176
2.6171
2.6165
2.6159
2.6154
2.6148
2.6142
2.6137
2.6131
2.6125
2.6120
2.6114
2.6108
2.6103
2.6097
2.6091
2.6086
2.6080
2.6074
2.6069
2.6063
2.6057
2.6052
2.6046
2.6040
2.6034
2.6029
2.6023
2.6017
2.6012
2.6006
2.6000
2.5994
2.5989
2.5983
2.5977
2.5972
2.5966
2.5960
2.5954
2.5949
2.5943
2.5937
2.5932
2.5926
2.5920
2.5914
2.5909
2.5903
2.5897
2.5891
2.5886
2.5880
2.5874
2.5868
2.5863
2.5857
2.5851
2.5845
2.5840
2.5834
2.5828
2.5822
2.5816
2.5811
2.5805
2.5799
2.5793
2.5788
2.5782
2.5776
2.5770
2.5765
2.5759
2.5753
2.5747
2.5741
2.5736
2.5730
2.5724
2.5718
2.5712
2.5707
2.5701
2.5695
2.5689
2.5683
2.5678
2.5672
2.5666
2.5660
2.5654
2.5648
2.5643
2.5637
2.5631
2.5625
2.5619
2.5614
2.5608
2.5602
2.5596
2.5590
2.5584
2.5579
2.5573
2.5567
2.5561
2.5555
2.5549
2.5543
2.5538
2.5532
2.5526
2.5520
2.5514
2.5508
2.5502
2.5497
2.5491
2.5485
2.5479
2.5473
2.5467
2.5461
2.5455
2.5450
2.5444
2.5438
2.5432
2.5426
2.5420
2.5414
2.5408
2.5403
2.5397
2.5391
2.5385
2.5379
2.5373
2.5367
2.5361
2.5355
2.5349
2.5343
2.5338
2.5332
2.5326
2.5320
2.5314
2.5308
2.5302
2.5296
2.5290
2.5284
2.5278
2.5272
2.5266
2.5261
end

