Number of Steps:   1000, Learning Rate: 0.00100, Beam Size: 100
Starting Distribution
0.00, 0.51, 0.49, 0.00
0.00, 0.51, 0.49, 0.00
0.00, 0.49, 0.51, 0.00
0.00, 0.49, 0.51, 0.00
1.00, 0.00, 0.00, 0.00
1.00, 0.00, 0.00, 0.00
1.00, 0.00, 0.00, 0.00
0.00, 0.51, 0.49, 0.00
0.00, 0.51, 0.49, 0.00
0.00, 0.49, 0.51, 0.00
0.00, 0.51, 0.49, 0.00
1.00, 0.00, 0.00, 0.00

Final Sequence
((((...)))).
CCGGAAACCGGA

free energy: -3.60000 kcal/mol
free energy of ensemble: -3.62539 kcal/mol
p(y|x) =   0.9596

Final Distribution
 1: 0.00, 1.00, 0.00, 0.00
 2: 0.00, 1.00, 0.00, 0.00
 3: 0.00, 0.00, 1.00, 0.00
 4: 0.00, 0.00, 1.00, 0.00
 5: 1.00, 0.00, 0.00, 0.00
 6: 1.00, 0.00, 0.00, 0.00
 7: 1.00, 0.00, 0.00, 0.00
 8: 0.00, 1.00, 0.00, 0.00
 9: 0.00, 1.00, 0.00, 0.00
10: 0.00, 0.00, 1.00, 0.00
11: 0.00, 0.00, 1.00, 0.00
12: 1.00, 0.00, 0.00, 0.00


Total Time: 22.68 seconds.
Average Time: 0.0227 seconds.
Step, Sequence, -log p(y|x), p(y|x)
    0, CCGGAAACCGGA,     0.0412,     0.9596

start
3254.4662
3250.7910
3229.2886
3086.7091
2232.6893
1040.9515
992.3764
878.1748
2.5527
2.5406
2.5285
2.5163
2.5041
2.4919
2.4797
2.4675
2.4553
2.4431
2.4308
2.4185
2.4062
2.3939
2.3816
2.3693
2.3569
2.3446
2.3322
2.3198
2.3074
2.2950
2.2826
2.2701
2.2576
2.2452
2.2327
2.2202
2.2076
2.1951
2.1826
2.1700
2.1574
2.1448
2.1322
2.1196
2.1070
2.0943
2.0816
2.0690
2.0563
2.0436
2.0309
2.0181
2.0054
1.9926
1.9798
1.9671
1.9543
1.9414
1.9286
1.9158
1.9029
1.8900
1.8772
1.8643
1.8513
1.8384
1.8255
1.8125
1.7996
1.7866
1.7736
1.7606
1.7476
1.7345
1.7215
1.7084
1.6954
1.6823
1.6692
1.6561
1.6430
1.6298
1.6167
1.6035
1.5903
1.5771
1.5639
1.5507
1.5375
1.5242
1.5110
1.4977
1.4844
1.4712
1.4578
1.4445
1.4312
1.4179
1.4045
1.3911
1.3777
1.3643
1.3509
1.3375
1.3241
1.3106
1.2972
1.2837
1.2702
1.2567
1.2432
1.2297
1.2162
1.2026
1.1891
1.1755
1.1619
1.1483
1.1347
1.1211
1.1074
1.0938
1.0802
1.0665
1.0528
1.0391
1.0254
1.0117
0.9980
0.9842
0.9705
0.9567
0.9430
0.9292
0.9154
0.9016
0.8878
0.8739
0.8601
0.8462
0.8324
0.8185
0.8046
0.7907
0.7768
0.7629
0.7489
0.7350
0.7210
0.7070
0.6931
0.6791
0.6651
0.6511
0.6370
0.6230
0.6089
0.5949
0.5808
0.5667
0.5526
0.5385
0.5244
0.5103
0.4961
0.4820
0.4678
0.4537
0.4395
0.4253
0.4111
0.3969
0.3827
0.3684
0.3542
0.3399
0.3257
0.3114
0.2971
0.2828
0.2685
0.2542
0.2399
0.2255
0.2112
0.1968
0.1824
0.1680
0.1537
0.1393
0.1248
0.1112
0.1007
0.0901
0.0796
0.0690
0.0612
0.0540
0.0499
0.0461
0.0423
0.0412
0.0412
end

