Number of Steps:   1000, Learning Rate: 0.00100
Starting Distribution
0.00, 0.49, 0.51, 0.00
0.00, 0.49, 0.51, 0.00
0.00, 0.51, 0.49, 0.00
0.00, 0.49, 0.51, 0.00
0.00, 0.51, 0.49, 0.00
0.25, 0.25, 0.25, 0.25
0.25, 0.25, 0.25, 0.25
0.25, 0.25, 0.25, 0.25
0.25, 0.25, 0.25, 0.25
0.25, 0.25, 0.25, 0.25
0.25, 0.25, 0.25, 0.25
0.00, 0.49, 0.51, 0.00
0.00, 0.49, 0.51, 0.00
0.00, 0.51, 0.49, 0.00
0.00, 0.51, 0.49, 0.00
0.00, 0.51, 0.49, 0.00

Final Sequence
(((((......)))))
GGGCCGAAAAGGGCCC

free energy of ensemble: -10.30458 kcal/mol, free energy: -10.30000 kcal/mol
log Q(x): 16.7195, deltaG / kT: -16.7121, -log p(y|x):   0.0074
p(y|x) =   0.9926

Final Distribution
 1: 0.00, 0.00, 1.00, 0.00
 2: 0.00, 0.00, 1.00, 0.00
 3: 0.00, 0.00, 1.00, 0.00
 4: 0.00, 1.00, 0.00, 0.00
 5: 0.00, 1.00, 0.00, 0.00
 6: 0.00, 0.00, 1.00, 0.00
 7: 0.25, 0.25, 0.25, 0.25
 8: 0.25, 0.25, 0.25, 0.25
 9: 0.25, 0.25, 0.25, 0.25
10: 0.25, 0.25, 0.25, 0.25
11: 0.46, 0.00, 0.54, 0.00
12: 0.00, 0.00, 1.00, 0.00
13: 0.00, 0.00, 1.00, 0.00
14: 0.00, 1.00, 0.00, 0.00
15: 0.00, 1.00, 0.00, 0.00
16: 0.00, 1.00, 0.00, 0.00


Total Time: 0.67 seconds.
Average Time: 0.0007 seconds.
Step, Sequence, -log p(y|x), p(y|x)
    0, GGCCCAAAAAAGGGCC,     0.0066,     0.9935
    1, GGGCCGAAAAAGGCCC,     0.0053,     0.9947
   26, GGGCCGAAAAGGGCCC,     0.0074,     0.9926

start
3997.8192
3992.8383
3960.4278
3726.3476
2344.5116
1746.5588
1746.5302
1746.4459
1745.9281
1742.1603
1713.9533
1499.6284
725.5152
-10.2364
-10.2882
-10.3398
-10.3914
-10.4428
-10.4941
-10.5452
-10.5963
-10.6473
-10.6981
-10.7488
-10.7994
-10.8499
-10.9003
-10.9506
-11.0008
-11.0508
-11.1008
-11.1507
-11.2004
-11.2500
-11.2996
-11.3490
-11.3983
-11.4475
-11.4966
-11.5456
-11.5945
-11.6433
-11.6920
-11.7407
-11.7892
-11.8376
-11.8859
-11.9341
-11.9822
-12.0302
-12.0781
-12.1259
-12.1736
-12.2212
-12.2687
-12.3162
-12.3635
-12.4107
-12.4579
-12.5049
-12.5519
-12.5988
-12.6456
-12.6922
-12.7388
-12.7854
-12.8318
-12.8781
-12.9243
-12.9705
-13.0166
-13.0625
-13.1084
-13.1542
-13.1999
-13.2456
-13.2911
-13.3366
-13.3820
-13.4273
-13.4725
-13.5176
-13.5627
-13.6076
-13.6525
-13.6973
-13.7421
-13.7867
-13.8313
-13.8758
-13.9202
-13.9645
-14.0088
-14.0529
-14.0970
-14.1410
-14.1850
-14.2289
-14.2727
-14.3164
-14.3600
-14.4036
-14.4471
-14.4905
-14.5339
-14.5772
-14.6204
-14.6635
-14.7048
-14.7361
-14.7673
-14.7985
-14.8269
-14.8414
-14.8533
-14.8652
-14.8771
-14.8890
-14.9009
-14.9128
-14.9248
-14.9367
-14.9486
-14.9606
-14.9725
-14.9845
-14.9964
-15.0084
-15.0203
-15.0323
-15.0443
-15.0562
-15.0682
-15.0802
-15.0922
-15.1042
-15.1162
-15.1282
-15.1402
-15.1508
-15.1559
-15.1610
-15.1661
-15.1712
-15.1764
-15.1815
-15.1866
-15.1917
-15.1968
-15.2020
-15.2071
-15.2122
-15.2174
-15.2225
-15.2276
-15.2328
-15.2379
-15.2430
-15.2482
-15.2533
-15.2584
-15.2636
-15.2687
-15.2739
-15.2790
-15.2842
-15.2893
-15.2945
-15.2996
-15.3048
-15.3099
-15.3151
-15.3202
-15.3254
-15.3305
-15.3357
-15.3408
-15.3460
-15.3512
-15.3563
-15.3615
-15.3667
-15.3718
-15.3733
-15.3747
-15.3761
-15.3774
-15.3788
-15.3802
-15.3815
-15.3829
-15.3843
-15.3857
-15.3870
-15.3884
-15.3898
-15.3912
-15.3926
-15.3939
-15.3953
-15.3967
-15.3981
-15.3995
-15.4009
-15.4023
-15.4037
-15.4051
-15.4065
-15.4079
-15.4093
-15.4107
-15.4121
-15.4135
-15.4149
-15.4163
-15.4177
-15.4191
-15.4205
-15.4219
-15.4233
-15.4247
-15.4262
-15.4276
-15.4290
-15.4304
-15.4318
-15.4333
-15.4347
-15.4361
-15.4376
-15.4390
-15.4404
-15.4419
-15.4433
-15.4447
-15.4462
-15.4476
-15.4491
-15.4505
-15.4520
-15.4534
-15.4549
-15.4563
-15.4578
-15.4592
-15.4607
-15.4621
-15.4636
-15.4651
-15.4665
-15.4680
-15.4695
-15.4709
-15.4724
-15.4739
-15.4753
-15.4768
-15.4783
-15.4798
-15.4813
-15.4827
-15.4842
-15.4857
-15.4872
-15.4887
-15.4902
-15.4917
-15.4932
-15.4947
-15.4962
-15.4977
-15.4992
-15.5007
-15.5022
-15.5037
-15.5052
-15.5067
-15.5083
-15.5098
-15.5113
-15.5128
-15.5144
-15.5159
-15.5174
-15.5189
-15.5205
-15.5220
-15.5235
-15.5251
-15.5266
-15.5282
-15.5297
-15.5313
-15.5328
-15.5344
-15.5359
-15.5375
-15.5390
-15.5406
-15.5422
-15.5437
-15.5453
-15.5469
-15.5484
-15.5500
-15.5516
-15.5532
-15.5547
-15.5563
-15.5579
-15.5595
-15.5611
-15.5627
-15.5643
-15.5659
-15.5675
-15.5691
-15.5707
-15.5723
-15.5739
-15.5755
-15.5771
-15.5787
-15.5804
-15.5820
-15.5836
-15.5852
-15.5869
-15.5885
-15.5901
-15.5917
-15.5934
-15.5950
-15.5967
-15.5983
-15.6000
-15.6016
-15.6033
-15.6049
-15.6059
-15.6067
-15.6076
-15.6085
-15.6094
-15.6102
-15.6111
-15.6120
-15.6129
-15.6138
-15.6147
-15.6156
-15.6165
-15.6174
-15.6183
-15.6192
-15.6201
-15.6210
-15.6219
-15.6228
-15.6237
-15.6247
-15.6256
-15.6265
-15.6274
-15.6284
-15.6293
-15.6302
-15.6312
-15.6321
-15.6330
-15.6340
-15.6349
-15.6359
-15.6368
-15.6378
-15.6388
-15.6397
-15.6407
-15.6416
-15.6426
-15.6436
-15.6446
-15.6455
-15.6465
-15.6475
-15.6485
-15.6495
-15.6505
-15.6515
-15.6525
-15.6535
-15.6545
-15.6555
-15.6565
-15.6575
-15.6585
-15.6595
-15.6606
-15.6616
-15.6626
-15.6637
-15.6647
-15.6657
-15.6668
-15.6678
-15.6689
-15.6699
-15.6710
-15.6720
-15.6731
-15.6741
-15.6752
-15.6763
-15.6773
-15.6784
-15.6795
-15.6806
-15.6817
-15.6827
-15.6838
-15.6849
-15.6860
-15.6871
-15.6882
-15.6893
-15.6905
-15.6916
-15.6927
-15.6938
-15.6949
-15.6961
-15.6972
-15.6983
-15.6995
-15.7006
-15.7018
-15.7029
-15.7041
-15.7052
-15.7064
-15.7075
-15.7087
-15.7099
-15.7111
-15.7122
-15.7134
-15.7146
-15.7158
-15.7170
-15.7182
-15.7194
-15.7206
-15.7218
-15.7230
-15.7242
-15.7254
-15.7267
-15.7279
-15.7291
-15.7304
-15.7316
-15.7328
-15.7341
-15.7353
-15.7366
-15.7379
-15.7391
-15.7404
-15.7417
-15.7429
-15.7442
-15.7455
-15.7468
-15.7481
-15.7494
-15.7507
-15.7520
-15.7533
-15.7546
-15.7559
-15.7572
-15.7586
-15.7599
-15.7612
-15.7626
-15.7639
-15.7652
-15.7666
-15.7679
-15.7693
-15.7707
-15.7720
-15.7734
-15.7748
-15.7762
-15.7776
-15.7789
-15.7803
-15.7817
-15.7831
-15.7846
-15.7860
-15.7874
-15.7888
-15.7902
-15.7917
-15.7931
-15.7946
-15.7960
-15.7975
-15.7989
-15.8004
-15.8018
-15.8033
-15.8048
-15.8063
-15.8077
-15.8092
-15.8107
-15.8122
-15.8137
-15.8152
-15.8168
-15.8183
-15.8198
-15.8213
-15.8229
-15.8244
-15.8260
-15.8275
-15.8291
-15.8306
-15.8322
-15.8338
-15.8353
-15.8369
-15.8385
-15.8401
-15.8417
-15.8433
-15.8449
-15.8465
-15.8481
-15.8498
-15.8514
-15.8530
-15.8547
-15.8563
-15.8580
-15.8596
-15.8613
-15.8630
-15.8646
-15.8663
-15.8680
-15.8697
-15.8714
-15.8731
-15.8748
-15.8765
-15.8783
-15.8800
-15.8817
-15.8835
-15.8852
-15.8870
-15.8887
-15.8905
-15.8922
-15.8940
-15.8958
-15.8976
-15.8994
-15.9012
-15.9030
-15.9048
-15.9066
-15.9084
-15.9103
-15.9121
-15.9139
-15.9158
-15.9177
-15.9195
-15.9214
-15.9233
-15.9251
-15.9270
-15.9289
-15.9308
-15.9327
-15.9346
-15.9366
-15.9385
-15.9404
-15.9424
-15.9443
-15.9463
-15.9482
-15.9502
-15.9522
-15.9542
-15.9561
-15.9581
-15.9601
-15.9621
-15.9642
-15.9662
-15.9682
-15.9703
-15.9723
-15.9743
-15.9764
-15.9785
-15.9805
-15.9826
-15.9847
-15.9868
-15.9889
-15.9910
-15.9931
-15.9953
-15.9974
-15.9995
-16.0017
-16.0038
-16.0060
-16.0082
-16.0103
-16.0125
-16.0147
-16.0169
-16.0191
-16.0213
-16.0236
-16.0258
-16.0280
-16.0303
-16.0325
-16.0348
-16.0371
-16.0393
-16.0416
-16.0439
-16.0462
-16.0485
-16.0509
-16.0532
-16.0555
-16.0579
-16.0602
-16.0626
-16.0649
-16.0673
-16.0697
-16.0721
-16.0745
-16.0769
-16.0793
-16.0818
-16.0842
-16.0866
-16.0891
-16.0916
-16.0940
-16.0965
-16.0990
-16.1015
-16.1040
-16.1065
-16.1090
-16.1116
-16.1141
-16.1167
-16.1192
-16.1218
-16.1244
-16.1270
-16.1296
-16.1322
-16.1348
-16.1374
-16.1401
-16.1427
-16.1454
-16.1480
-16.1507
-16.1534
-16.1561
-16.1588
-16.1615
-16.1642
-16.1669
-16.1697
-16.1724
-16.1752
-16.1779
-16.1807
-16.1835
-16.1863
-16.1891
-16.1919
-16.1948
-16.1976
-16.2005
-16.2033
-16.2062
-16.2091
-16.2118
-16.2139
-16.2159
-16.2180
-16.2200
-16.2221
-16.2241
-16.2262
-16.2283
-16.2304
-16.2324
-16.2345
-16.2366
-16.2387
-16.2408
-16.2429
-16.2450
-16.2471
-16.2492
-16.2513
-16.2531
-16.2548
-16.2565
-16.2582
-16.2600
-16.2617
-16.2634
-16.2651
-16.2668
-16.2685
-16.2703
-16.2720
-16.2737
-16.2755
-16.2772
-16.2789
-16.2807
-16.2824
-16.2842
-16.2859
-16.2877
-16.2894
-16.2912
-16.2930
-16.2947
-16.2965
-16.2983
-16.3001
-16.3018
-16.3036
-16.3054
-16.3072
-16.3090
-16.3108
-16.3126
-16.3144
-16.3162
-16.3180
-16.3198
-16.3216
-16.3234
-16.3252
-16.3271
-16.3289
-16.3307
-16.3326
-16.3344
-16.3362
-16.3381
-16.3399
-16.3418
-16.3436
-16.3455
-16.3473
-16.3492
-16.3511
-16.3529
-16.3548
-16.3567
-16.3585
-16.3604
-16.3623
-16.3642
-16.3661
-16.3680
-16.3699
-16.3718
-16.3737
-16.3756
-16.3775
-16.3794
-16.3813
-16.3832
-16.3851
-16.3871
-16.3890
-16.3909
-16.3929
-16.3948
-16.3967
-16.3987
-16.4006
-16.4026
-16.4045
-16.4065
-16.4085
-16.4104
-16.4124
-16.4144
-16.4163
-16.4183
-16.4203
-16.4223
-16.4243
-16.4263
-16.4283
-16.4303
-16.4323
-16.4343
-16.4363
-16.4383
-16.4403
-16.4423
-16.4443
-16.4464
-16.4484
-16.4504
-16.4525
-16.4545
-16.4566
-16.4586
-16.4607
-16.4627
-16.4648
-16.4668
-16.4689
-16.4710
-16.4730
-16.4751
-16.4772
-16.4793
-16.4814
-16.4834
-16.4855
-16.4876
-16.4897
-16.4918
-16.4939
-16.4961
-16.4982
-16.5003
-16.5024
-16.5045
-16.5067
-16.5088
-16.5109
-16.5131
-16.5152
-16.5174
-16.5195
-16.5217
-16.5238
-16.5260
-16.5282
-16.5303
-16.5325
-16.5343
-16.5354
-16.5365
-16.5376
-16.5387
-16.5398
-16.5408
-16.5419
-16.5430
-16.5441
-16.5452
-16.5463
-16.5474
-16.5485
-16.5496
-16.5506
-16.5517
-16.5528
-16.5539
-16.5550
-16.5561
-16.5572
-16.5583
-16.5594
-16.5605
-16.5616
-16.5626
-16.5637
-16.5648
-16.5659
-16.5670
-16.5681
-16.5692
-16.5703
-16.5714
-16.5725
-16.5736
-16.5746
-16.5757
-16.5768
-16.5779
-16.5790
-16.5801
-16.5812
-16.5823
-16.5834
-16.5845
-16.5856
-16.5867
-16.5877
-16.5888
-16.5899
-16.5910
-16.5921
-16.5932
-16.5943
-16.5954
-16.5965
-16.5976
-16.5987
-16.5998
-16.6009
-16.6020
-16.6030
-16.6041
-16.6052
-16.6063
-16.6074
-16.6085
-16.6096
-16.6107
-16.6118
-16.6129
-16.6140
-16.6151
-16.6162
-16.6173
-16.6184
-16.6195
-16.6206
-16.6216
-16.6227
-16.6238
-16.6249
-16.6260
-16.6271
-16.6282
-16.6293
-16.6304
-16.6315
-16.6326
-16.6337
-16.6348
-16.6359
-16.6365
-16.6366
-16.6366
-16.6366
-16.6366
-16.6366
-16.6366
-16.6366
-16.6367
-16.6367
-16.6367
-16.6367
-16.6367
-16.6367
-16.6367
-16.6367
-16.6368
-16.6368
-16.6368
-16.6368
-16.6368
-16.6368
-16.6368
-16.6368
-16.6369
-16.6369
-16.6369
-16.6369
-16.6369
-16.6369
-16.6369
-16.6370
end

