Number of Steps:   1000, Learning Rate: 0.00100
Starting Distribution
1.00, 0.00, 0.00, 0.00
1.00, 0.00, 0.00, 0.00
0.00, 0.51, 0.49, 0.00
0.00, 0.49, 0.51, 0.00
0.00, 0.49, 0.51, 0.00
0.00, 0.49, 0.51, 0.00
0.00, 0.49, 0.51, 0.00
0.00, 0.51, 0.49, 0.00
0.00, 0.51, 0.49, 0.00
0.00, 0.51, 0.49, 0.00
1.00, 0.00, 0.00, 0.00
1.00, 0.00, 0.00, 0.00
1.00, 0.00, 0.00, 0.00
1.00, 0.00, 0.00, 0.00
1.00, 0.00, 0.00, 0.00
0.00, 0.49, 0.51, 0.00
0.00, 0.49, 0.51, 0.00
1.00, 0.00, 0.00, 0.00
0.00, 0.49, 0.51, 0.00
0.00, 0.51, 0.49, 0.00
0.00, 0.49, 0.51, 0.00
0.00, 0.51, 0.49, 0.00
0.00, 0.49, 0.51, 0.00
0.00, 0.49, 0.51, 0.00
1.00, 0.00, 0.00, 0.00
1.00, 0.00, 0.00, 0.00

Final Sequence
..((((((((.....)).))))))..
AACCGGGCCCGAAAAGGAGCCCGGAA

free energy of ensemble: -15.10686 kcal/mol, free energy: -15.10000 kcal/mol
log Q(x): 24.5114, deltaG / kT: -24.5002, -log p(y|x):   0.0111
p(y|x) =   0.9889

Final Distribution
 1: 1.00, 0.00, 0.00, 0.00
 2: 1.00, 0.00, 0.00, 0.00
 3: 0.00, 1.00, 0.00, 0.00
 4: 0.00, 1.00, 0.00, 0.00
 5: 0.00, 0.00, 1.00, 0.00
 6: 0.00, 0.00, 1.00, 0.00
 7: 0.00, 0.00, 1.00, 0.00
 8: 0.00, 1.00, 0.00, 0.00
 9: 0.00, 1.00, 0.00, 0.00
10: 0.00, 1.00, 0.00, 0.00
11: 0.36, 0.00, 0.64, 0.00
12: 1.00, 0.00, 0.00, 0.00
13: 1.00, 0.00, 0.00, 0.00
14: 1.00, 0.00, 0.00, 0.00
15: 1.00, 0.00, 0.00, 0.00
16: 0.00, 0.00, 1.00, 0.00
17: 0.00, 0.00, 1.00, 0.00
18: 1.00, 0.00, 0.00, 0.00
19: 0.00, 0.00, 1.00, 0.00
20: 0.00, 1.00, 0.00, 0.00
21: 0.00, 1.00, 0.00, 0.00
22: 0.00, 1.00, 0.00, 0.00
23: 0.00, 0.00, 1.00, 0.00
24: 0.00, 0.00, 1.00, 0.00
25: 1.00, 0.00, 0.00, 0.00
26: 1.00, 0.00, 0.00, 0.00


Total Time: 15.09 seconds.
Average Time: 0.0151 seconds.
Step, Sequence, -log p(y|x), p(y|x)
    0, AACCGCGCCCAAAAAGGAGCGCGGAA,     0.0120,     0.9880
    1, AACGGGGCCCAAAAAGGAGCCCCGAA,     0.0274,     0.9730
   26, AACCGGGCCCAAAAAGGAGCCCGGAA,     0.0120,     0.9881
  801, AACCGGGCCCGAAAAGGAGCCCGGAA,     0.0111,     0.9889

start
6245.3018
6238.2205
6195.9274
5915.6825
4286.5019
2140.0934
1991.9333
1991.4802
1986.9764
1937.8410
1397.2016
72.4593
-15.3522
-15.4309
-15.5094
-15.5878
-15.6661
-15.7443
-15.8224
-15.9004
-15.9782
-16.0560
-16.1336
-16.2111
-16.2885
-16.3658
-16.4430
-16.5201
-16.5970
-16.6739
-16.7506
-16.8273
-16.9038
-16.9802
-17.0566
-17.1328
-17.2089
-17.2849
-17.3608
-17.4366
-17.5123
-17.5879
-17.6634
-17.7388
-17.8141
-17.8893
-17.9644
-18.0394
-18.1143
-18.1891
-18.2638
-18.3385
-18.4130
-18.4874
-18.5617
-18.6359
-18.7101
-18.7841
-18.8581
-18.9319
-19.0057
-19.0794
-19.1529
-19.2264
-19.2998
-19.3731
-19.4464
-19.5195
-19.5925
-19.6655
-19.7383
-19.8111
-19.8838
-19.9564
-20.0289
-20.1014
-20.1737
-20.2460
-20.3182
-20.3903
-20.4623
-20.5342
-20.6060
-20.6778
-20.7495
-20.8211
-20.8926
-20.9641
-21.0354
-21.1067
-21.1779
-21.2490
-21.3201
-21.3910
-21.4619
-21.5327
-21.6035
-21.6741
-21.7447
-21.8152
-21.8857
-21.9560
-22.0263
-22.0965
-22.1598
-22.2202
-22.2798
-22.3204
-22.3595
-22.3986
-22.4377
-22.4768
-22.5160
-22.5548
-22.5821
-22.6095
-22.6368
-22.6641
-22.6914
-22.7187
-22.7460
-22.7733
-22.8006
-22.8278
-22.8551
-22.8824
-22.9096
-22.9368
-22.9641
-22.9913
-23.0185
-23.0457
-23.0729
-23.1001
-23.1273
-23.1545
-23.1817
-23.2088
-23.2360
-23.2619
-23.2764
-23.2836
-23.2908
-23.2980
-23.3052
-23.3125
-23.3170
-23.3178
-23.3187
-23.3195
-23.3203
-23.3212
-23.3220
-23.3229
-23.3237
-23.3246
-23.3254
-23.3262
-23.3271
-23.3279
-23.3288
-23.3296
-23.3305
-23.3313
-23.3321
-23.3330
-23.3338
-23.3347
-23.3355
-23.3363
-23.3372
-23.3380
-23.3389
-23.3397
-23.3406
-23.3414
-23.3422
-23.3431
-23.3439
-23.3448
-23.3456
-23.3465
-23.3473
-23.3481
-23.3490
-23.3498
-23.3507
-23.3515
-23.3524
-23.3532
-23.3540
-23.3549
-23.3557
-23.3566
-23.3574
-23.3583
-23.3591
-23.3599
-23.3608
-23.3616
-23.3625
-23.3633
-23.3642
-23.3650
-23.3658
-23.3667
-23.3675
-23.3684
-23.3692
-23.3700
-23.3709
-23.3717
-23.3726
-23.3734
-23.3743
-23.3751
-23.3759
-23.3768
-23.3776
-23.3785
-23.3793
-23.3802
-23.3810
-23.3818
-23.3827
-23.3835
-23.3844
-23.3852
-23.3861
-23.3869
-23.3877
-23.3886
-23.3894
-23.3903
-23.3911
-23.3920
-23.3928
-23.3936
-23.3945
-23.3953
-23.3962
-23.3970
-23.3978
-23.3987
-23.3995
-23.4004
-23.4012
-23.4021
-23.4029
-23.4037
-23.4046
-23.4054
-23.4063
-23.4071
-23.4080
-23.4088
-23.4096
-23.4105
-23.4113
-23.4122
-23.4130
-23.4139
-23.4147
-23.4155
-23.4164
-23.4172
-23.4181
-23.4189
-23.4198
-23.4206
-23.4214
-23.4223
-23.4231
-23.4240
-23.4248
-23.4256
-23.4265
-23.4273
-23.4282
-23.4290
-23.4299
-23.4307
-23.4315
-23.4324
-23.4332
-23.4341
-23.4349
-23.4358
-23.4366
-23.4374
-23.4383
-23.4391
-23.4400
-23.4408
-23.4417
-23.4425
-23.4433
-23.4442
-23.4450
-23.4459
-23.4467
-23.4476
-23.4484
-23.4492
-23.4501
-23.4509
-23.4518
-23.4526
-23.4534
-23.4543
-23.4551
-23.4560
-23.4568
-23.4577
-23.4585
-23.4593
-23.4602
-23.4610
-23.4619
-23.4627
-23.4636
-23.4644
-23.4652
-23.4661
-23.4669
-23.4678
-23.4686
-23.4695
-23.4703
-23.4711
-23.4720
-23.4728
-23.4737
-23.4745
-23.4754
-23.4762
-23.4770
-23.4779
-23.4787
-23.4796
-23.4804
-23.4812
-23.4821
-23.4829
-23.4838
-23.4846
-23.4855
-23.4863
-23.4871
-23.4880
-23.4888
-23.4897
-23.4905
-23.4914
-23.4922
-23.4930
-23.4939
-23.4947
-23.4956
-23.4964
-23.4973
-23.4981
-23.4989
-23.4998
-23.5006
-23.5015
-23.5023
-23.5032
-23.5040
-23.5048
-23.5057
-23.5065
-23.5074
-23.5082
-23.5090
-23.5099
-23.5107
-23.5116
-23.5124
-23.5133
-23.5141
-23.5149
-23.5158
-23.5166
-23.5175
-23.5183
-23.5192
-23.5200
-23.5208
-23.5217
-23.5225
-23.5234
-23.5242
-23.5251
-23.5259
-23.5267
-23.5276
-23.5284
-23.5293
-23.5301
-23.5310
-23.5318
-23.5326
-23.5335
-23.5343
-23.5352
-23.5360
-23.5368
-23.5377
-23.5385
-23.5394
-23.5402
-23.5411
-23.5419
-23.5427
-23.5436
-23.5444
-23.5453
-23.5461
-23.5470
-23.5478
-23.5486
-23.5495
-23.5503
-23.5512
-23.5520
-23.5529
-23.5537
-23.5545
-23.5554
-23.5562
-23.5571
-23.5579
-23.5588
-23.5596
-23.5604
-23.5613
-23.5621
-23.5630
-23.5638
-23.5646
-23.5655
-23.5663
-23.5672
-23.5680
-23.5689
-23.5697
-23.5705
-23.5714
-23.5722
-23.5731
-23.5739
-23.5748
-23.5756
-23.5764
-23.5773
-23.5781
-23.5790
-23.5798
-23.5807
-23.5815
-23.5823
-23.5832
-23.5840
-23.5849
-23.5857
-23.5866
-23.5874
-23.5882
-23.5891
-23.5899
-23.5908
-23.5916
-23.5924
-23.5933
-23.5941
-23.5950
-23.5958
-23.5967
-23.5975
-23.5983
-23.5992
-23.6000
-23.6009
-23.6017
-23.6026
-23.6034
-23.6042
-23.6051
-23.6059
-23.6068
-23.6076
-23.6085
-23.6093
-23.6101
-23.6110
-23.6118
-23.6127
-23.6135
-23.6144
-23.6152
-23.6160
-23.6169
-23.6177
-23.6186
-23.6194
-23.6203
-23.6211
-23.6219
-23.6228
-23.6236
-23.6245
-23.6253
-23.6261
-23.6270
-23.6278
-23.6287
-23.6295
-23.6304
-23.6312
-23.6320
-23.6329
-23.6337
-23.6346
-23.6354
-23.6363
-23.6371
-23.6379
-23.6388
-23.6396
-23.6405
-23.6413
-23.6422
-23.6430
-23.6438
-23.6447
-23.6455
-23.6464
-23.6472
-23.6481
-23.6489
-23.6497
-23.6506
-23.6514
-23.6523
-23.6531
-23.6539
-23.6548
-23.6556
-23.6565
-23.6573
-23.6582
-23.6590
-23.6598
-23.6607
-23.6615
-23.6624
-23.6632
-23.6641
-23.6649
-23.6657
-23.6666
-23.6674
-23.6683
-23.6691
-23.6700
-23.6708
-23.6716
-23.6725
-23.6733
-23.6742
-23.6750
-23.6759
-23.6767
-23.6775
-23.6784
-23.6792
-23.6801
-23.6809
-23.6817
-23.6826
-23.6834
-23.6843
-23.6851
-23.6860
-23.6868
-23.6876
-23.6885
-23.6893
-23.6902
-23.6910
-23.6919
-23.6927
-23.6935
-23.6944
-23.6952
-23.6961
-23.6969
-23.6978
-23.6986
-23.6994
-23.7003
-23.7011
-23.7020
-23.7028
-23.7037
-23.7045
-23.7053
-23.7062
-23.7070
-23.7079
-23.7087
-23.7095
-23.7104
-23.7112
-23.7121
-23.7129
-23.7138
-23.7146
-23.7154
-23.7163
-23.7171
-23.7180
-23.7188
-23.7197
-23.7205
-23.7213
-23.7222
-23.7230
-23.7239
-23.7247
-23.7256
-23.7264
-23.7272
-23.7281
-23.7289
-23.7298
-23.7306
-23.7315
-23.7323
-23.7331
-23.7340
-23.7348
-23.7357
-23.7365
-23.7373
-23.7382
-23.7390
-23.7399
-23.7407
-23.7416
-23.7424
-23.7432
-23.7441
-23.7449
-23.7458
-23.7466
-23.7475
-23.7483
-23.7491
-23.7500
-23.7508
-23.7517
-23.7525
-23.7534
-23.7542
-23.7550
-23.7559
-23.7567
-23.7576
-23.7584
-23.7593
-23.7601
-23.7609
-23.7618
-23.7626
-23.7635
-23.7643
-23.7651
-23.7660
-23.7668
-23.7677
-23.7685
-23.7694
-23.7702
-23.7710
-23.7719
-23.7727
-23.7736
-23.7744
-23.7753
-23.7761
-23.7769
-23.7778
-23.7786
-23.7795
-23.7803
-23.7812
-23.7820
-23.7828
-23.7837
-23.7845
-23.7854
-23.7862
-23.7871
-23.7879
-23.7887
-23.7896
-23.7904
-23.7913
-23.7921
-23.7929
-23.7938
-23.7946
-23.7955
-23.7963
-23.7972
-23.7980
-23.7988
-23.7997
-23.8005
-23.8014
-23.8022
-23.8031
-23.8039
-23.8047
-23.8056
-23.8064
-23.8073
-23.8081
-23.8090
-23.8098
-23.8106
-23.8115
-23.8123
-23.8132
-23.8140
-23.8149
-23.8157
-23.8165
-23.8174
-23.8182
-23.8191
-23.8199
-23.8207
-23.8216
-23.8224
-23.8233
-23.8241
-23.8250
-23.8258
-23.8266
-23.8275
-23.8283
-23.8292
-23.8300
-23.8309
-23.8317
-23.8325
-23.8334
-23.8342
-23.8351
-23.8359
-23.8368
-23.8376
-23.8384
-23.8393
-23.8401
-23.8410
-23.8418
-23.8427
-23.8435
-23.8443
-23.8452
-23.8460
-23.8469
-23.8477
-23.8486
-23.8494
-23.8502
-23.8511
-23.8519
-23.8528
-23.8536
-23.8544
-23.8553
-23.8561
-23.8570
-23.8578
-23.8587
-23.8595
-23.8603
-23.8612
-23.8620
-23.8629
-23.8637
-23.8646
-23.8654
-23.8662
-23.8671
-23.8679
-23.8688
-23.8696
-23.8705
-23.8713
-23.8721
-23.8730
-23.8738
-23.8747
-23.8755
-23.8764
-23.8772
-23.8780
-23.8789
-23.8797
-23.8806
-23.8814
-23.8822
-23.8831
-23.8839
-23.8848
-23.8856
-23.8865
-23.8873
-23.8881
-23.8890
-23.8898
-23.8907
-23.8915
-23.8924
-23.8932
-23.8940
-23.8949
-23.8957
-23.8966
-23.8974
-23.8983
-23.8991
-23.8999
-23.9008
-23.9016
-23.9025
-23.9033
-23.9042
-23.9050
-23.9058
-23.9067
-23.9075
-23.9084
-23.9092
-23.9101
-23.9109
-23.9117
-23.9126
-23.9134
-23.9143
-23.9151
-23.9160
-23.9168
-23.9176
-23.9185
-23.9193
-23.9202
-23.9210
-23.9219
-23.9227
-23.9235
-23.9244
-23.9252
-23.9261
-23.9269
-23.9277
-23.9286
-23.9294
-23.9303
-23.9311
-23.9320
-23.9328
-23.9336
-23.9345
-23.9353
-23.9362
-23.9370
-23.9379
-23.9387
-23.9395
-23.9404
-23.9412
-23.9421
-23.9429
-23.9438
-23.9446
-23.9455
-23.9463
-23.9471
-23.9480
-23.9488
-23.9497
-23.9505
-23.9514
-23.9522
-23.9530
-23.9539
-23.9547
-23.9556
-23.9564
-23.9573
-23.9581
-23.9589
-23.9598
-23.9606
-23.9615
-23.9623
-23.9632
-23.9640
-23.9648
-23.9657
-23.9665
-23.9674
-23.9682
-23.9691
-23.9699
-23.9707
-23.9716
-23.9724
-23.9733
-23.9741
-23.9750
-23.9758
-23.9766
-23.9775
-23.9783
-23.9792
-23.9800
-23.9809
-23.9817
-23.9826
-23.9834
-23.9842
-23.9851
-23.9859
-23.9868
-23.9876
-23.9885
-23.9893
-23.9901
-23.9910
-23.9918
-23.9927
-23.9935
-23.9944
-23.9952
-23.9961
-23.9969
-23.9977
-23.9986
-23.9994
-24.0003
-24.0011
-24.0020
-24.0028
-24.0036
-24.0045
-24.0053
-24.0062
-24.0070
-24.0079
-24.0087
-24.0096
-24.0104
-24.0112
-24.0121
-24.0129
-24.0138
-24.0146
-24.0155
-24.0163
-24.0171
-24.0180
-24.0188
-24.0197
-24.0205
-24.0214
-24.0222
-24.0231
-24.0239
-24.0247
-24.0256
-24.0264
-24.0273
-24.0281
-24.0290
-24.0298
-24.0307
-24.0315
-24.0323
-24.0332
-24.0340
-24.0349
-24.0357
end

