Number of Steps:   1000, Learning Rate: 0.00100
Starting Distribution
0.00, 0.49, 0.51, 0.00
0.00, 0.49, 0.51, 0.00
0.00, 0.51, 0.49, 0.00
0.00, 0.49, 0.51, 0.00
0.00, 0.51, 0.49, 0.00
0.25, 0.25, 0.25, 0.25
0.25, 0.25, 0.25, 0.25
0.25, 0.25, 0.25, 0.25
0.25, 0.25, 0.25, 0.25
0.25, 0.25, 0.25, 0.25
0.00, 0.51, 0.49, 0.00
0.00, 0.49, 0.51, 0.00
0.25, 0.25, 0.25, 0.25
0.25, 0.25, 0.25, 0.25
0.00, 0.51, 0.49, 0.00
0.00, 0.49, 0.51, 0.00
0.25, 0.25, 0.25, 0.25
0.25, 0.25, 0.25, 0.25
0.25, 0.25, 0.25, 0.25
0.25, 0.25, 0.25, 0.25
0.25, 0.25, 0.25, 0.25
0.25, 0.25, 0.25, 0.25
0.25, 0.25, 0.25, 0.25
0.25, 0.25, 0.25, 0.25
0.25, 0.25, 0.25, 0.25
0.00, 0.51, 0.49, 0.00
0.00, 0.49, 0.51, 0.00
0.00, 0.51, 0.49, 0.00
0.00, 0.51, 0.49, 0.00
0.00, 0.49, 0.51, 0.00

Final Sequence
(((((.....))..((.........)))))
GGCGCGAAAGGCAACGGAAAAAAAACGGCC

free energy of ensemble: -3.19188 kcal/mol, free energy:  1.30000 kcal/mol
log Q(x): 5.1789, deltaG / kT:   2.1093, -log p(y|x):   7.2882
p(y|x) =   0.0007

Final Distribution
 1: 0.00, 0.00, 1.00, 0.00
 2: 0.00, 0.00, 1.00, 0.00
 3: 0.00, 1.00, 0.00, 0.00
 4: 0.00, 0.00, 1.00, 0.00
 5: 0.00, 1.00, 0.00, 0.00
 6: 0.00, 0.00, 1.00, 0.00
 7: 0.25, 0.25, 0.25, 0.25
 8: 0.25, 0.25, 0.25, 0.25
 9: 0.25, 0.25, 0.25, 0.25
10: 0.46, 0.00, 0.54, 0.00
11: 0.00, 0.00, 1.00, 0.00
12: 0.00, 1.00, 0.00, 0.00
13: 0.25, 0.25, 0.25, 0.25
14: 0.25, 0.25, 0.25, 0.25
15: 0.00, 1.00, 0.00, 0.00
16: 0.00, 0.00, 1.00, 0.00
17: 0.00, 0.00, 1.00, 0.00
18: 0.25, 0.25, 0.25, 0.25
19: 0.25, 0.25, 0.25, 0.25
20: 0.25, 0.25, 0.25, 0.25
21: 0.25, 0.25, 0.25, 0.25
22: 0.25, 0.25, 0.25, 0.25
23: 0.25, 0.25, 0.25, 0.25
24: 0.25, 0.25, 0.25, 0.25
25: 0.65, 0.00, 0.35, 0.00
26: 0.00, 1.00, 0.00, 0.00
27: 0.00, 0.00, 1.00, 0.00
28: 0.00, 0.00, 1.00, 0.00
29: 0.00, 1.00, 0.00, 0.00
30: 0.00, 1.00, 0.00, 0.00


Total Time: 32.46 seconds.
Average Time: 0.0325 seconds.
Step, Sequence, -log p(y|x), p(y|x)
    0, CGCCCAAAAAGGAACGAAAAAAAAACGGCG,    12.2564,     0.0000
    1, GGCGCGAAAAGCAACGGAAAAAAAACGGCC,     6.8950,     0.0010
   26, GGCGCGAAAGGCAACGGAAAAAAAGCGGCC,     9.9312,     0.0000
   76, GGCGCGAAAGGCAACGGAAAAAAAACGGCC,     7.2882,     0.0007

start
6008.3021
6003.3765
5971.8617
5738.9288
4167.4066
3824.6784
3741.7594
3595.2461
2124.7919
11.1079
11.0565
11.0053
10.9543
10.9034
10.8526
10.8020
10.7516
10.7013
10.6511
10.6011
10.5512
10.5015
10.4519
10.4025
10.3532
10.3040
10.2550
10.2062
10.1574
10.1088
10.0604
10.0121
9.9639
9.9159
9.8680
9.8202
9.7725
9.7250
9.6777
9.6304
9.5833
9.5363
9.4895
9.4427
9.3962
9.3497
9.3033
9.2571
9.2110
9.1651
9.1192
9.0735
9.0279
8.9824
8.9371
8.8918
8.8467
8.8017
8.7569
8.7121
8.6675
8.6229
8.5785
8.5342
8.4900
8.4460
8.4020
8.3582
8.3145
8.2708
8.2273
8.1839
8.1406
8.0975
8.0544
8.0114
7.9686
7.9258
7.8832
7.8406
7.7982
7.7558
7.7136
7.6715
7.6295
7.5875
7.5457
7.5040
7.4624
7.4208
7.3794
7.3381
7.2969
7.2557
7.2147
7.1737
7.1329
7.0921
7.0515
7.0109
6.9704
6.9320
6.9036
6.8753
6.8470
6.8188
6.7906
6.7625
6.7344
6.7063
6.6783
6.6503
6.6224
6.5945
6.5666
6.5388
6.5110
6.4833
6.4556
6.4280
6.4003
6.3728
6.3452
6.3177
6.2902
6.2628
6.2354
6.2081
6.1808
6.1535
6.1262
6.0990
6.0719
6.0447
6.0176
5.9938
5.9731
5.9524
5.9317
5.9110
5.8904
5.8697
5.8490
5.8283
5.8076
5.7870
5.7663
5.7456
5.7271
5.7120
5.6968
5.6817
5.6665
5.6514
5.6362
5.6210
5.6059
5.5907
5.5755
5.5604
5.5452
5.5300
5.5148
5.4997
5.4845
5.4693
5.4541
5.4389
5.4237
5.4085
5.3933
5.3781
5.3629
5.3477
5.3324
5.3172
5.3020
5.2868
5.2716
5.2563
5.2411
5.2259
5.2106
5.1954
5.1801
5.1649
5.1496
5.1344
5.1191
5.1038
5.0886
5.0733
5.0604
5.0489
5.0375
5.0260
5.0163
5.0078
4.9993
4.9912
4.9853
4.9793
4.9733
4.9674
4.9621
4.9587
4.9553
4.9519
4.9485
4.9451
4.9417
4.9383
4.9349
4.9315
4.9280
4.9246
4.9212
4.9177
4.9143
4.9109
4.9074
4.9040
4.9005
4.8971
4.8936
4.8901
4.8867
4.8832
4.8797
4.8762
4.8728
4.8693
4.8658
4.8623
4.8588
4.8553
4.8518
4.8483
4.8448
4.8413
4.8377
4.8342
4.8307
4.8272
4.8236
4.8201
4.8165
4.8130
4.8094
4.8059
4.8023
4.7987
4.7952
4.7916
4.7880
4.7844
4.7809
4.7773
4.7737
4.7701
4.7665
4.7629
4.7593
4.7556
4.7520
4.7484
4.7448
4.7411
4.7375
4.7339
4.7302
4.7266
4.7229
4.7192
4.7156
4.7119
4.7082
4.7046
4.7009
4.6972
4.6935
4.6898
4.6861
4.6824
4.6787
4.6750
4.6713
4.6675
4.6638
4.6601
4.6563
4.6526
4.6488
4.6451
4.6413
4.6376
4.6338
4.6300
4.6263
4.6225
4.6187
4.6149
4.6111
4.6073
4.6035
4.5997
4.5959
4.5921
4.5882
4.5844
4.5806
4.5767
4.5729
4.5690
4.5652
4.5613
4.5574
4.5536
4.5497
4.5458
4.5419
4.5380
4.5341
4.5302
4.5263
4.5224
4.5185
4.5146
4.5106
4.5067
4.5028
4.4988
4.4949
4.4909
4.4869
4.4830
4.4790
4.4750
4.4710
4.4670
4.4632
4.4603
4.4578
4.4553
4.4527
4.4502
4.4476
4.4451
4.4425
4.4400
4.4374
4.4348
4.4322
4.4296
4.4270
4.4244
4.4218
4.4192
4.4166
4.4139
4.4113
4.4086
4.4060
4.4033
4.4007
4.3980
4.3953
4.3926
4.3899
4.3872
4.3845
4.3818
4.3791
4.3763
4.3736
4.3708
4.3681
4.3653
4.3625
4.3598
4.3570
4.3542
4.3514
4.3486
4.3458
4.3429
4.3401
4.3373
4.3344
4.3316
4.3287
4.3259
4.3230
4.3201
4.3172
4.3143
4.3114
4.3085
4.3056
4.3026
4.2997
4.2967
4.2938
4.2908
4.2878
4.2849
4.2819
4.2789
4.2759
4.2729
4.2698
4.2668
4.2638
4.2607
4.2577
4.2546
4.2515
4.2484
4.2453
4.2422
4.2391
4.2360
4.2329
4.2298
4.2266
4.2235
4.2203
4.2171
4.2140
4.2108
4.2076
4.2044
4.2012
4.1979
4.1947
4.1915
4.1882
4.1850
4.1817
4.1784
4.1751
4.1718
4.1685
4.1652
4.1619
4.1585
4.1552
4.1518
4.1485
4.1451
4.1417
4.1383
4.1349
4.1315
4.1281
4.1247
4.1212
4.1178
4.1143
4.1108
4.1073
4.1038
4.1003
4.0968
4.0933
4.0898
4.0862
4.0827
4.0791
4.0755
4.0720
4.0684
4.0648
4.0611
4.0575
4.0539
4.0502
4.0466
4.0429
4.0392
4.0355
4.0318
4.0281
4.0244
4.0207
4.0169
4.0132
4.0094
4.0056
4.0018
3.9980
3.9942
3.9904
3.9866
3.9827
3.9789
3.9750
3.9711
3.9672
3.9633
3.9594
3.9555
3.9515
3.9476
3.9436
3.9396
3.9357
3.9317
3.9276
3.9236
3.9196
3.9156
3.9115
3.9074
3.9033
3.8992
3.8951
3.8910
3.8869
3.8827
3.8786
3.8744
3.8702
3.8661
3.8618
3.8576
3.8534
3.8492
3.8449
3.8406
3.8363
3.8320
3.8277
3.8234
3.8191
3.8147
3.8104
3.8060
3.8016
3.7972
3.7928
3.7884
3.7839
3.7795
3.7750
3.7705
3.7660
3.7615
3.7570
3.7525
3.7479
3.7433
3.7388
3.7342
3.7296
3.7250
3.7203
3.7157
3.7110
3.7063
3.7016
3.6969
3.6922
3.6875
3.6827
3.6780
3.6732
3.6684
3.6636
3.6588
3.6539
3.6491
3.6442
3.6393
3.6344
3.6295
3.6246
3.6196
3.6147
3.6097
3.6047
3.5997
3.5947
3.5897
3.5846
3.5796
3.5745
3.5694
3.5643
3.5591
3.5540
3.5488
3.5436
3.5385
3.5332
3.5280
3.5228
3.5175
3.5122
3.5070
3.5016
3.4963
3.4910
3.4856
3.4802
3.4749
3.4695
3.4640
3.4586
3.4531
3.4477
3.4422
3.4366
3.4311
3.4256
3.4200
3.4144
3.4088
3.4032
3.3976
3.3919
3.3863
3.3806
3.3749
3.3692
3.3634
3.3577
3.3519
3.3461
3.3403
3.3348
3.3296
3.3244
3.3193
3.3146
3.3098
3.3050
3.3002
3.2953
3.2905
3.2856
3.2808
3.2759
3.2710
3.2661
3.2612
3.2562
3.2513
3.2463
3.2413
3.2363
3.2313
3.2263
3.2213
3.2162
3.2112
3.2061
3.2010
3.1959
3.1908
3.1856
3.1805
3.1753
3.1701
3.1649
3.1597
3.1545
3.1492
3.1440
3.1387
3.1334
3.1281
3.1228
3.1175
3.1121
3.1067
3.1014
3.0960
3.0906
3.0851
3.0797
3.0742
3.0688
3.0633
3.0578
3.0522
3.0467
3.0412
3.0356
3.0300
3.0244
3.0188
3.0132
3.0075
3.0018
2.9962
2.9905
2.9847
2.9790
2.9733
2.9675
2.9617
2.9559
2.9501
2.9443
2.9384
2.9325
2.9267
2.9208
2.9148
2.9096
2.9046
2.8995
2.8943
2.8892
2.8841
2.8789
2.8738
2.8686
2.8634
2.8583
2.8531
2.8478
2.8426
2.8374
2.8321
2.8269
2.8216
2.8163
2.8110
2.8061
2.8012
2.7966
2.7929
2.7892
2.7855
2.7818
2.7781
2.7744
2.7707
2.7670
2.7633
2.7596
2.7558
2.7521
2.7484
2.7446
2.7409
2.7371
2.7351
2.7333
2.7314
2.7295
2.7276
2.7257
2.7238
2.7219
2.7200
2.7181
2.7162
2.7143
2.7124
2.7105
2.7086
2.7067
2.7048
2.7028
2.7009
2.6990
2.6970
2.6951
2.6932
2.6912
2.6893
2.6873
2.6854
2.6834
2.6815
2.6795
2.6775
2.6756
2.6736
2.6716
2.6696
2.6677
2.6657
2.6637
2.6617
2.6597
2.6577
2.6557
2.6537
2.6517
2.6497
2.6477
2.6457
2.6436
2.6416
2.6396
2.6376
2.6355
2.6335
2.6315
2.6294
2.6274
2.6253
2.6233
2.6212
2.6192
2.6171
2.6150
2.6130
2.6109
2.6088
2.6067
2.6046
2.6026
2.6005
2.5984
2.5963
2.5942
2.5921
2.5900
2.5879
2.5858
2.5836
2.5815
2.5794
2.5773
2.5751
2.5730
2.5709
2.5687
2.5666
2.5644
2.5623
2.5601
2.5580
2.5558
2.5537
2.5515
2.5493
2.5471
2.5450
2.5428
2.5406
2.5384
2.5362
2.5340
2.5318
2.5296
2.5274
2.5252
2.5230
2.5208
2.5186
2.5163
2.5141
2.5119
2.5096
2.5074
2.5052
2.5029
2.5007
2.4984
2.4961
2.4939
2.4916
2.4894
2.4871
2.4848
2.4825
2.4802
2.4780
2.4757
2.4734
2.4722
2.4710
2.4698
2.4686
2.4674
2.4662
2.4650
2.4638
2.4626
2.4613
2.4601
2.4589
2.4577
2.4565
2.4553
2.4541
2.4529
2.4517
2.4505
2.4493
2.4481
2.4468
2.4456
2.4444
2.4432
2.4420
2.4408
2.4396
2.4384
2.4372
2.4360
2.4348
2.4335
2.4323
2.4311
2.4299
2.4287
2.4275
2.4263
2.4251
2.4239
2.4227
2.4214
2.4202
2.4190
2.4178
2.4166
2.4154
2.4142
2.4130
2.4118
2.4105
2.4093
2.4081
2.4069
2.4057
2.4045
2.4033
2.4021
2.4009
2.3996
2.3984
2.3972
2.3960
2.3948
2.3936
2.3924
2.3912
2.3899
2.3887
2.3875
2.3863
2.3851
2.3839
2.3827
2.3815
2.3802
2.3790
2.3778
2.3766
2.3754
2.3742
2.3730
2.3718
2.3705
2.3693
2.3681
2.3669
2.3657
2.3645
2.3633
2.3620
2.3608
2.3596
2.3595
2.3593
2.3592
2.3591
2.3589
2.3588
2.3587
2.3586
2.3584
2.3583
2.3582
2.3580
2.3579
2.3578
2.3576
2.3575
2.3574
2.3572
2.3571
2.3570
2.3568
2.3567
2.3566
2.3564
2.3563
2.3562
2.3561
2.3559
2.3558
2.3557
end

