Num Steps:   1000, Learning Rate: 0.001000
Starting Distribution
0.25, 0.25, 0.25, 0.25
0.25, 0.25, 0.25, 0.25
0.25, 0.25, 0.25, 0.25
0.25, 0.25, 0.25, 0.25
0.25, 0.25, 0.25, 0.25
0.25, 0.25, 0.25, 0.25
0.25, 0.25, 0.25, 0.25
0.25, 0.25, 0.25, 0.25
0.25, 0.25, 0.25, 0.25
0.25, 0.25, 0.25, 0.25
0.25, 0.25, 0.25, 0.25
0.25, 0.25, 0.25, 0.25
0.25, 0.25, 0.25, 0.25
0.25, 0.25, 0.25, 0.25
0.25, 0.25, 0.25, 0.25
0.25, 0.25, 0.25, 0.25

Final Sequence
(((((......)))))
GGGCCGAAAAGGGCCC

free energy of ensemble: -10.30458 kcal/mol, free energy: -10.30000 kcal/mol
log Q(x): 16.7195, deltaG / kT: -16.7121, -log p(y|x):   0.0074
p(y|x) =   0.9926

Final Distribution
 1: 0.00, 0.00, 1.00, 0.00
 2: 0.00, 0.00, 1.00, 0.00
 3: 0.00, 0.00, 1.00, 0.00
 4: 0.00, 1.00, 0.00, 0.00
 5: 0.00, 1.00, 0.00, 0.00
 6: 0.01, 0.00, 0.99, 0.00
 7: 0.25, 0.25, 0.25, 0.25
 8: 0.25, 0.25, 0.25, 0.25
 9: 0.25, 0.25, 0.25, 0.25
10: 0.25, 0.25, 0.25, 0.25
11: 0.45, 0.00, 0.55, 0.00
12: 0.00, 0.00, 1.00, 0.00
13: 0.00, 0.00, 1.00, 0.00
14: 0.00, 1.00, 0.00, 0.00
15: 0.00, 1.00, 0.00, 0.00
16: 0.00, 1.00, 0.00, 0.00


Step, Sequence, -log p(y|x), p(y|x)
    1, GUUUUGAAAAGGGGGU,     7.5031,     0.0006
   21, GGGUUGAAAAGGGUUU,     7.4847,     0.0006
  101, GGGUUGAAAAGGGCUU,     0.6510,     0.5215
  121, GGGCUGAAAAGGGCUU,     0.4291,     0.6511
  161, GGGCUGAAAAGGGCCU,     0.0999,     0.9050
  201, GGGCCGAAAAGGGCCU,     0.0759,     0.9269
  281, GGGCCGAAAAGGGCCC,     0.0074,     0.9926

start
4689.0877
4180.0822
4048.2186
4015.3867
4007.2600
4005.0736
4003.1267
3993.0908
3916.4265
3315.5190
2490.6667
2202.0691
1059.9037
1005.2118
1005.1644
1005.1006
1004.8153
1001.5407
963.6270
538.8406
3.0751
2.9956
2.9164
2.8375
2.7588
2.6804
2.6023
2.5244
2.4467
2.3693
2.2922
2.2152
2.1386
2.0622
1.9860
1.9101
1.8344
1.7589
1.6837
1.6087
1.5340
1.4595
1.3853
1.3112
1.2374
1.1639
1.0905
1.0174
0.9445
0.8719
0.7995
0.7272
0.6553
0.5835
0.5120
0.4407
0.3696
0.2987
0.2280
0.1576
0.0873
0.0173
-0.0525
-0.1221
-0.1915
-0.2607
-0.3296
-0.3984
-0.4669
-0.5353
-0.6034
-0.6714
-0.7391
-0.8066
-0.8740
-0.9411
-1.0081
-1.0748
-1.1414
-1.2077
-1.2739
-1.3398
-1.4056
-1.4712
-1.5366
-1.6018
-1.6668
-1.7316
-1.7962
-1.8607
-1.9249
-1.9890
-2.0529
-2.1166
-2.1802
-2.2435
-2.3067
-2.3697
-2.4325
-2.4951
-2.5576
-2.6199
-2.6820
-2.7440
-2.8057
-2.8673
-2.9288
-2.9900
-3.0511
-3.1120
-3.1728
-3.2334
-3.2938
-3.3540
-3.4141
-3.4741
-3.5338
-3.5934
-3.6529
-3.7122
-3.7713
-3.8303
-3.8891
-3.9477
-4.0062
-4.0646
-4.1227
-4.1808
-4.2387
-4.2964
-4.3540
-4.4114
-4.4687
-4.5258
-4.5828
-4.6396
-4.6963
-4.7528
-4.8092
-4.8655
-4.9216
-4.9775
-5.0334
-5.0890
-5.1446
-5.2000
-5.2552
-5.3103
-5.3653
-5.4202
-5.4749
-5.5294
-5.5839
-5.6382
-5.6923
-5.7464
-5.8003
-5.8540
-5.9077
-5.9612
-6.0146
-6.0678
-6.1209
-6.1739
-6.2268
-6.2795
-6.3321
-6.3846
-6.4370
-6.4892
-6.5413
-6.5933
-6.6452
-6.6969
-6.7486
-6.8001
-6.8515
-6.9027
-6.9539
-7.0049
-7.0558
-7.1066
-7.1573
-7.2079
-7.2583
-7.3087
-7.3589
-7.4090
-7.4590
-7.5089
-7.5587
-7.6083
-7.6579
-7.7074
-7.7567
-7.8059
-7.8550
-7.9041
-7.9530
-8.0018
-8.0505
-8.0991
-8.1475
-8.1959
-8.2442
-8.2924
-8.3405
-8.3884
-8.4363
-8.4841
-8.5317
-8.5793
-8.6268
-8.6742
-8.7214
-8.7686
-8.8157
-8.8627
-8.9096
-8.9564
-9.0031
-9.0497
-9.0962
-9.1426
-9.1889
-9.2352
-9.2813
-9.3274
-9.3733
-9.4192
-9.4650
-9.5107
-9.5563
-9.6018
-9.6472
-9.6925
-9.7378
-9.7829
-9.8280
-9.8730
-9.9179
-9.9627
-10.0075
-10.0521
-10.0967
-10.1412
-10.1856
-10.2299
-10.2741
-10.3183
-10.3624
-10.4064
-10.4503
-10.4941
-10.5379
-10.5816
-10.6252
-10.6687
-10.7121
-10.7555
-10.7988
-10.8420
-10.8852
-10.9282
-10.9712
-11.0142
-11.0523
-11.0840
-11.1157
-11.1475
-11.1793
-11.2111
-11.2429
-11.2747
-11.3065
-11.3384
-11.3702
-11.4021
-11.4340
-11.4659
-11.4978
-11.5297
-11.5617
-11.5936
-11.6256
-11.6576
-11.6896
-11.7216
-11.7537
-11.7857
-11.8178
-11.8498
-11.8819
-11.9140
-11.9461
-11.9783
-12.0104
-12.0426
-12.0747
-12.1069
-12.1391
-12.1714
-12.2036
-12.2358
-12.2681
-12.3004
-12.3327
-12.3616
-12.3847
-12.4078
-12.4310
-12.4542
-12.4773
-12.5005
-12.5237
-12.5469
-12.5701
-12.5933
-12.6165
-12.6398
-12.6630
-12.6863
-12.7096
-12.7328
-12.7561
-12.7794
-12.8027
-12.8260
-12.8493
-12.8727
-12.8960
-12.9194
-12.9427
-12.9661
-12.9895
-13.0129
-13.0363
-13.0597
-13.0831
-13.1066
-13.1300
-13.1535
-13.1769
-13.2004
-13.2239
-13.2474
-13.2709
-13.2944
-13.3179
-13.3414
-13.3650
-13.3885
-13.4121
-13.4357
-13.4593
-13.4829
-13.5065
-13.5301
-13.5537
-13.5774
-13.6010
-13.6247
-13.6483
-13.6720
-13.6957
-13.7194
-13.7431
-13.7668
-13.7906
-13.8143
-13.8381
-13.8618
-13.8856
-13.9094
-13.9228
-13.9354
-13.9479
-13.9604
-13.9730
-13.9856
-13.9981
-14.0107
-14.0233
-14.0359
-14.0485
-14.0611
-14.0737
-14.0863
-14.0989
-14.1116
-14.1242
-14.1369
-14.1495
-14.1622
-14.1748
-14.1875
-14.2002
-14.2129
-14.2256
-14.2383
-14.2510
-14.2637
-14.2764
-14.2891
-14.3019
-14.3146
-14.3274
-14.3401
-14.3529
-14.3656
-14.3784
-14.3912
-14.4040
-14.4168
-14.4289
-14.4410
-14.4530
-14.4651
-14.4772
-14.4893
-14.5014
-14.5135
-14.5256
-14.5377
-14.5498
-14.5619
-14.5740
-14.5861
-14.5983
-14.6104
-14.6225
-14.6347
-14.6468
-14.6590
-14.6711
-14.6833
-14.6955
-14.7077
-14.7198
-14.7320
-14.7442
-14.7564
-14.7686
-14.7808
-14.7930
-14.8053
-14.8175
-14.8297
-14.8420
-14.8542
-14.8665
-14.8787
-14.8910
-14.9032
-14.9155
-14.9278
-14.9401
-14.9523
-14.9646
-14.9769
-14.9892
-14.9994
-15.0044
-15.0094
-15.0144
-15.0194
-15.0244
-15.0294
-15.0344
-15.0394
-15.0444
-15.0495
-15.0545
-15.0595
-15.0646
-15.0696
-15.0747
-15.0797
-15.0848
-15.0898
-15.0949
-15.1000
-15.1050
-15.1101
-15.1152
-15.1203
-15.1253
-15.1304
-15.1355
-15.1406
-15.1457
-15.1508
-15.1559
-15.1610
-15.1662
-15.1713
-15.1764
-15.1815
-15.1867
-15.1918
-15.1969
-15.2021
-15.2072
-15.2124
-15.2175
-15.2227
-15.2278
-15.2330
-15.2382
-15.2434
-15.2485
-15.2537
-15.2589
-15.2641
-15.2693
-15.2745
-15.2797
-15.2849
-15.2901
-15.2954
-15.3006
-15.3058
-15.3110
-15.3163
-15.3215
-15.3268
-15.3320
-15.3373
-15.3425
-15.3478
-15.3531
-15.3583
-15.3636
-15.3689
-15.3742
-15.3795
-15.3848
-15.3901
-15.3954
-15.4007
-15.4060
-15.4113
-15.4167
-15.4220
-15.4273
-15.4327
-15.4380
-15.4434
-15.4487
-15.4541
-15.4594
-15.4648
-15.4702
-15.4756
-15.4809
-15.4863
-15.4917
-15.4971
-15.5025
-15.5080
-15.5134
-15.5188
-15.5242
-15.5296
-15.5351
-15.5405
-15.5460
-15.5514
-15.5569
-15.5623
-15.5678
-15.5733
-15.5788
-15.5843
-15.5898
-15.5952
-15.6008
-15.6063
-15.6118
-15.6173
-15.6228
-15.6283
-15.6339
-15.6394
-15.6450
-15.6505
-15.6561
-15.6617
-15.6672
-15.6728
-15.6784
-15.6840
-15.6896
-15.6952
-15.7008
-15.7064
-15.7120
-15.7176
-15.7233
-15.7289
-15.7345
-15.7402
-15.7458
-15.7515
-15.7572
-15.7628
-15.7685
-15.7742
-15.7799
-15.7856
-15.7913
-15.7970
-15.8027
-15.8085
-15.8142
-15.8199
-15.8257
-15.8314
-15.8372
-15.8430
-15.8487
-15.8545
-15.8603
-15.8661
-15.8719
-15.8777
-15.8835
-15.8893
-15.8951
-15.9010
-15.9068
-15.9126
-15.9185
-15.9244
-15.9302
-15.9361
-15.9420
-15.9479
-15.9538
-15.9597
-15.9656
-15.9715
-15.9774
-15.9833
-15.9893
-15.9927
-15.9949
-15.9970
-15.9992
-16.0013
-16.0035
-16.0057
-16.0079
-16.0101
-16.0123
-16.0145
-16.0168
-16.0190
-16.0212
-16.0235
-16.0257
-16.0280
-16.0303
-16.0325
-16.0348
-16.0371
-16.0394
-16.0417
-16.0441
-16.0464
-16.0487
-16.0511
-16.0534
-16.0558
-16.0581
-16.0605
-16.0629
-16.0653
-16.0677
-16.0701
-16.0725
-16.0749
-16.0774
-16.0798
-16.0823
-16.0847
-16.0872
-16.0897
-16.0922
-16.0947
-16.0972
-16.0997
-16.1022
-16.1047
-16.1073
-16.1098
-16.1124
-16.1149
-16.1175
-16.1201
-16.1227
-16.1253
-16.1279
-16.1305
-16.1332
-16.1358
-16.1384
-16.1411
-16.1438
-16.1464
-16.1491
-16.1518
-16.1545
-16.1572
-16.1600
-16.1627
-16.1654
-16.1679
-16.1703
-16.1726
-16.1750
-16.1775
-16.1799
-16.1823
-16.1847
-16.1872
-16.1896
-16.1920
-16.1945
-16.1970
-16.1995
-16.2019
-16.2044
-16.2069
-16.2094
-16.2120
-16.2145
-16.2170
-16.2196
-16.2215
-16.2232
-16.2248
-16.2265
-16.2282
-16.2298
-16.2315
-16.2331
-16.2348
-16.2365
-16.2382
-16.2398
-16.2415
-16.2432
-16.2449
-16.2466
-16.2483
-16.2499
-16.2516
-16.2533
-16.2550
-16.2568
-16.2585
-16.2602
-16.2619
-16.2636
-16.2653
-16.2670
-16.2688
-16.2705
-16.2722
-16.2740
-16.2757
-16.2774
-16.2792
-16.2809
-16.2827
-16.2844
-16.2862
-16.2879
-16.2897
-16.2915
-16.2932
-16.2950
-16.2968
-16.2986
-16.3003
-16.3021
-16.3039
-16.3057
-16.3075
-16.3093
-16.3111
-16.3129
-16.3147
-16.3165
-16.3183
-16.3201
-16.3219
-16.3238
-16.3256
-16.3274
-16.3292
-16.3311
-16.3329
-16.3347
-16.3366
-16.3384
-16.3403
-16.3421
-16.3440
-16.3458
-16.3477
-16.3496
-16.3514
-16.3533
-16.3552
-16.3570
-16.3589
-16.3608
-16.3627
-16.3646
-16.3665
-16.3684
-16.3703
-16.3722
-16.3741
-16.3760
-16.3779
-16.3798
-16.3817
-16.3837
-16.3856
-16.3875
-16.3894
-16.3914
-16.3933
-16.3953
-16.3972
-16.3991
-16.4011
-16.4031
-16.4050
-16.4070
-16.4089
-16.4109
-16.4129
-16.4149
-16.4168
-16.4188
-16.4208
-16.4228
-16.4248
-16.4268
-16.4288
-16.4308
-16.4328
-16.4348
-16.4368
-16.4388
-16.4408
-16.4429
-16.4449
-16.4469
-16.4489
-16.4510
-16.4530
-16.4551
-16.4571
-16.4592
-16.4612
-16.4633
-16.4653
-16.4674
-16.4695
-16.4715
-16.4736
-16.4757
-16.4778
-16.4799
-16.4820
-16.4840
-16.4861
-16.4882
-16.4903
-16.4925
-16.4946
-16.4967
-16.4988
-16.5009
-16.5030
-16.5052
-16.5073
-16.5094
-16.5116
-16.5127
-16.5138
-16.5149
-16.5160
-16.5171
-16.5182
-16.5193
-16.5204
-16.5215
-16.5226
-16.5237
-16.5247
-16.5258
-16.5269
-16.5280
-16.5291
-16.5302
-16.5313
-16.5324
-16.5335
-16.5346
-16.5357
-16.5368
-16.5379
-16.5390
-16.5401
-16.5412
-16.5423
-16.5434
-16.5444
-16.5455
-16.5466
-16.5477
-16.5488
-16.5499
-16.5510
-16.5521
-16.5532
-16.5543
-16.5554
-16.5565
-16.5576
-16.5587
-16.5598
-16.5609
-16.5620
-16.5631
-16.5642
-16.5653
-16.5664
-16.5675
-16.5686
-16.5697
-16.5708
-16.5718
-16.5729
-16.5740
-16.5751
-16.5762
-16.5773
-16.5784
-16.5795
-16.5806
-16.5817
-16.5828
-16.5839
-16.5850
-16.5861
-16.5872
-16.5883
-16.5894
-16.5905
-16.5916
-16.5927
-16.5938
-16.5949
-16.5960
-16.5971
-16.5982
-16.5993
-16.6004
-16.6015
-16.6026
-16.6037
-16.6048
-16.6059
-16.6070
-16.6081
-16.6092
-16.6103
-16.6114
-16.6125
-16.6136
-16.6147
-16.6158
-16.6169
-16.6180
-16.6191
-16.6202
-16.6213
-16.6224
-16.6235
-16.6246
-16.6257
-16.6268
-16.6279
end

Total Time: 1.37 seconds.
Average Time: 0.0014 seconds.
