Number of Steps:   1000, Learning Rate: 0.00100
Starting Distribution
0.00, 0.49, 0.51, 0.00
0.00, 0.49, 0.51, 0.00
0.00, 0.51, 0.49, 0.00
0.00, 0.49, 0.51, 0.00
0.00, 0.51, 0.49, 0.00
1.00, 0.00, 0.00, 0.00
1.00, 0.00, 0.00, 0.00
1.00, 0.00, 0.00, 0.00
1.00, 0.00, 0.00, 0.00
1.00, 0.00, 0.00, 0.00
0.00, 0.51, 0.49, 0.00
0.00, 0.49, 0.51, 0.00
1.00, 0.00, 0.00, 0.00
1.00, 0.00, 0.00, 0.00
0.00, 0.51, 0.49, 0.00
0.00, 0.49, 0.51, 0.00
1.00, 0.00, 0.00, 0.00
1.00, 0.00, 0.00, 0.00
1.00, 0.00, 0.00, 0.00
1.00, 0.00, 0.00, 0.00
1.00, 0.00, 0.00, 0.00
1.00, 0.00, 0.00, 0.00
1.00, 0.00, 0.00, 0.00
1.00, 0.00, 0.00, 0.00
1.00, 0.00, 0.00, 0.00
0.00, 0.51, 0.49, 0.00
0.00, 0.49, 0.51, 0.00
0.00, 0.51, 0.49, 0.00
0.00, 0.51, 0.49, 0.00
0.00, 0.49, 0.51, 0.00

Final Sequence
(((((.....))..((.........)))))
GGCGCGAAAAGCAACGGAAAAAAAACGGCC

free energy of ensemble: -2.84954 kcal/mol, free energy:  1.40000 kcal/mol
log Q(x): 4.6235, deltaG / kT:   2.2715, -log p(y|x):   6.8950
p(y|x) =   0.0010

Final Distribution
 1: 0.00, 0.00, 1.00, 0.00
 2: 0.00, 0.00, 1.00, 0.00
 3: 0.00, 1.00, 0.00, 0.00
 4: 0.00, 0.00, 1.00, 0.00
 5: 0.00, 1.00, 0.00, 0.00
 6: 0.36, 0.00, 0.64, 0.00
 7: 1.00, 0.00, 0.00, 0.00
 8: 1.00, 0.00, 0.00, 0.00
 9: 1.00, 0.00, 0.00, 0.00
10: 1.00, 0.00, 0.00, 0.00
11: 0.00, 0.00, 1.00, 0.00
12: 0.00, 1.00, 0.00, 0.00
13: 1.00, 0.00, 0.00, 0.00
14: 1.00, 0.00, 0.00, 0.00
15: 0.00, 1.00, 0.00, 0.00
16: 0.00, 0.00, 1.00, 0.00
17: 0.00, 0.00, 1.00, 0.00
18: 1.00, 0.00, 0.00, 0.00
19: 1.00, 0.00, 0.00, 0.00
20: 1.00, 0.00, 0.00, 0.00
21: 1.00, 0.00, 0.00, 0.00
22: 1.00, 0.00, 0.00, 0.00
23: 1.00, 0.00, 0.00, 0.00
24: 1.00, 0.00, 0.00, 0.00
25: 1.00, 0.00, 0.00, 0.00
26: 0.00, 1.00, 0.00, 0.00
27: 0.00, 0.00, 1.00, 0.00
28: 0.00, 0.00, 1.00, 0.00
29: 0.00, 1.00, 0.00, 0.00
30: 0.00, 1.00, 0.00, 0.00


Step, Sequence, -log p(y|x), p(y|x)
    1, GGCGCAAAAAGCAACGAAAAAAAAACGGCC,     8.9821,     0.0001
  481, GGCGCAAAAAGCAACGGAAAAAAAACGGCC,     6.8406,     0.0011
  781, GGCGCGAAAAGCAACGGAAAAAAAACGGCC,     6.8950,     0.0010

start
6008.4438
6003.5578
5972.3451
5741.8533
4167.7671
3823.7330
3731.0918
3511.3255
1551.4279
11.4777
11.4235
11.3694
11.3155
11.2618
11.2082
11.1548
11.1016
11.0485
10.9955
10.9427
10.8901
10.8376
10.7853
10.7332
10.6812
10.6293
10.5776
10.5261
10.4747
10.4234
10.3724
10.3214
10.2706
10.2199
10.1694
10.1191
10.0689
10.0188
9.9688
9.9191
9.8694
9.8199
9.7705
9.7213
9.6722
9.6233
9.5744
9.5258
9.4772
9.4288
9.3805
9.3324
9.2844
9.2365
9.1888
9.1412
9.0937
9.0463
8.9991
8.9520
8.9051
8.8582
8.8115
8.7649
8.7185
8.6721
8.6259
8.5798
8.5338
8.4880
8.4423
8.3967
8.3512
8.3058
8.2606
8.2154
8.1704
8.1255
8.0808
8.0361
7.9915
7.9471
7.9028
7.8586
7.8145
7.7705
7.7266
7.6829
7.6392
7.5957
7.5522
7.5089
7.4657
7.4226
7.3796
7.3367
7.2939
7.2512
7.2086
7.1661
7.1237
7.0834
7.0532
7.0230
6.9928
6.9628
6.9327
6.9028
6.8728
6.8430
6.8131
6.7834
6.7537
6.7240
6.6944
6.6648
6.6353
6.6058
6.5764
6.5471
6.5178
6.4885
6.4593
6.4301
6.4010
6.3719
6.3429
6.3144
6.2928
6.2713
6.2499
6.2285
6.2071
6.1858
6.1644
6.1432
6.1220
6.1008
6.0837
6.0685
6.0533
6.0382
6.0230
6.0078
5.9927
5.9775
5.9624
5.9472
5.9321
5.9169
5.9018
5.8866
5.8715
5.8563
5.8412
5.8260
5.8109
5.7958
5.7806
5.7655
5.7504
5.7353
5.7201
5.7050
5.6899
5.6748
5.6596
5.6445
5.6294
5.6143
5.5992
5.5841
5.5689
5.5538
5.5387
5.5236
5.5085
5.4934
5.4783
5.4632
5.4481
5.4330
5.4179
5.4028
5.3877
5.3726
5.3575
5.3424
5.3274
5.3123
5.2972
5.2821
5.2694
5.2581
5.2468
5.2356
5.2243
5.2142
5.2064
5.2007
5.1949
5.1892
5.1835
5.1777
5.1727
5.1696
5.1664
5.1633
5.1601
5.1570
5.1538
5.1507
5.1476
5.1444
5.1413
5.1381
5.1350
5.1319
5.1287
5.1256
5.1225
5.1193
5.1162
5.1131
5.1099
5.1068
5.1037
5.1005
5.0974
5.0943
5.0911
5.0880
5.0849
5.0818
5.0786
5.0755
5.0724
5.0692
5.0661
5.0630
5.0599
5.0567
5.0536
5.0505
5.0474
5.0442
5.0411
5.0380
5.0349
5.0317
5.0286
5.0255
5.0224
5.0192
5.0161
5.0130
5.0099
5.0067
5.0036
5.0005
4.9974
4.9942
4.9911
4.9880
4.9849
4.9818
4.9786
4.9755
4.9724
4.9692
4.9661
4.9630
4.9599
4.9567
4.9536
4.9505
4.9474
4.9442
4.9411
4.9380
4.9349
4.9317
4.9286
4.9255
4.9223
4.9192
4.9161
4.9129
4.9098
4.9067
4.9035
4.9004
4.8973
4.8941
4.8910
4.8879
4.8847
4.8816
4.8784
4.8753
4.8722
4.8690
4.8659
4.8627
4.8596
4.8564
4.8533
4.8502
4.8470
4.8439
4.8407
4.8376
4.8344
4.8313
4.8281
4.8249
4.8218
4.8186
4.8155
4.8123
4.8092
4.8060
4.8028
4.7997
4.7965
4.7933
4.7902
4.7870
4.7838
4.7807
4.7775
4.7743
4.7711
4.7680
4.7648
4.7616
4.7584
4.7553
4.7521
4.7489
4.7457
4.7425
4.7393
4.7361
4.7329
4.7298
4.7266
4.7234
4.7202
4.7170
4.7138
4.7106
4.7074
4.7042
4.7009
4.6977
4.6945
4.6913
4.6881
4.6849
4.6817
4.6784
4.6752
4.6720
4.6688
4.6655
4.6623
4.6591
4.6558
4.6526
4.6494
4.6461
4.6429
4.6396
4.6364
4.6332
4.6299
4.6267
4.6234
4.6201
4.6169
4.6136
4.6104
4.6071
4.6038
4.6006
4.5973
4.5940
4.5907
4.5875
4.5842
4.5809
4.5776
4.5743
4.5710
4.5677
4.5644
4.5611
4.5578
4.5545
4.5512
4.5479
4.5446
4.5413
4.5380
4.5347
4.5313
4.5280
4.5247
4.5213
4.5180
4.5147
4.5113
4.5080
4.5047
4.5013
4.4980
4.4946
4.4912
4.4879
4.4845
4.4812
4.4778
4.4744
4.4711
4.4677
4.4643
4.4609
4.4575
4.4541
4.4508
4.4474
4.4440
4.4406
4.4372
4.4337
4.4303
4.4269
4.4235
4.4201
4.4167
4.4132
4.4098
4.4064
4.4029
4.3995
4.3960
4.3926
4.3891
4.3857
4.3822
4.3788
4.3753
4.3718
4.3684
4.3649
4.3614
4.3579
4.3544
4.3509
4.3474
4.3440
4.3404
4.3369
4.3334
4.3299
4.3264
4.3229
4.3194
4.3158
4.3123
4.3088
4.3052
4.3017
4.2981
4.2946
4.2910
4.2875
4.2839
4.2803
4.2767
4.2732
4.2696
4.2660
4.2624
4.2588
4.2552
4.2516
4.2480
4.2446
4.2412
4.2379
4.2345
4.2311
4.2278
4.2244
4.2210
4.2177
4.2143
4.2109
4.2076
4.2042
4.2008
4.1975
4.1941
4.1907
4.1873
4.1840
4.1806
4.1772
4.1739
4.1705
4.1671
4.1638
4.1604
4.1570
4.1536
4.1503
4.1469
4.1435
4.1401
4.1368
4.1334
4.1300
4.1267
4.1233
4.1199
4.1165
4.1132
4.1098
4.1064
4.1030
4.0997
4.0963
4.0929
4.0895
4.0861
4.0828
4.0794
4.0760
4.0726
4.0693
4.0659
4.0625
4.0591
4.0557
4.0524
4.0490
4.0456
4.0422
4.0388
4.0355
4.0321
4.0287
4.0253
4.0219
4.0186
4.0152
4.0118
4.0084
4.0050
4.0016
3.9983
3.9949
3.9915
3.9881
3.9847
3.9813
3.9779
3.9746
3.9712
3.9678
3.9644
3.9610
3.9576
3.9542
3.9508
3.9474
3.9441
3.9407
3.9373
3.9339
3.9305
3.9271
3.9237
3.9203
3.9169
3.9135
3.9101
3.9068
3.9034
3.9000
3.8966
3.8932
3.8898
3.8864
3.8830
3.8796
3.8762
3.8728
3.8694
3.8660
3.8626
3.8592
3.8558
3.8524
3.8490
3.8456
3.8422
3.8388
3.8354
3.8320
3.8286
3.8252
3.8218
3.8184
3.8150
3.8116
3.8082
3.8048
3.8014
3.7980
3.7946
3.7912
3.7878
3.7843
3.7809
3.7775
3.7741
3.7707
3.7673
3.7639
3.7605
3.7571
3.7537
3.7503
3.7468
3.7434
3.7400
3.7366
3.7332
3.7298
3.7264
3.7229
3.7195
3.7161
3.7127
3.7093
3.7059
3.7025
3.6990
3.6956
3.6922
3.6888
3.6854
3.6819
3.6785
3.6751
3.6717
3.6683
3.6648
3.6614
3.6580
3.6546
3.6511
3.6477
3.6443
3.6409
3.6374
3.6340
3.6306
3.6271
3.6237
3.6203
3.6169
3.6134
3.6100
3.6066
3.6031
3.5997
3.5963
3.5928
3.5894
3.5860
3.5825
3.5791
3.5757
3.5722
3.5688
3.5654
3.5619
3.5585
3.5550
3.5516
3.5482
3.5447
3.5413
3.5378
3.5344
3.5310
3.5275
3.5241
3.5206
3.5172
3.5137
3.5103
3.5069
3.5034
3.5000
3.4965
3.4931
3.4896
3.4862
3.4827
3.4793
3.4758
3.4724
3.4689
3.4655
3.4620
3.4585
3.4551
3.4516
3.4482
3.4447
3.4413
3.4378
3.4344
3.4309
3.4274
3.4240
3.4205
3.4171
3.4136
3.4101
3.4067
3.4032
3.3997
3.3963
3.3928
3.3893
3.3859
3.3824
3.3789
3.3755
3.3720
3.3685
3.3651
3.3616
3.3581
3.3547
3.3512
3.3477
3.3442
3.3408
3.3373
3.3338
3.3303
3.3269
3.3234
3.3199
3.3164
3.3129
3.3095
3.3060
3.3025
3.2990
3.2955
3.2921
3.2886
3.2851
3.2816
3.2781
3.2746
3.2711
3.2676
3.2642
3.2608
3.2573
3.2539
3.2505
3.2471
3.2437
3.2402
3.2368
3.2334
3.2300
3.2265
3.2231
3.2197
3.2163
3.2129
3.2094
3.2060
3.2026
3.1992
3.1957
3.1923
3.1889
3.1855
3.1821
3.1786
3.1752
3.1718
3.1684
3.1649
3.1615
3.1581
3.1547
3.1513
3.1478
3.1444
3.1410
3.1376
3.1341
3.1307
3.1273
3.1239
3.1204
3.1170
3.1136
3.1102
3.1068
3.1033
3.0999
3.0965
3.0931
3.0896
3.0862
3.0828
3.0794
3.0760
3.0725
3.0691
3.0657
3.0623
3.0588
3.0554
3.0520
3.0486
3.0452
3.0417
3.0383
3.0349
3.0315
3.0280
3.0246
3.0212
3.0178
3.0144
3.0109
3.0075
3.0041
3.0007
2.9972
2.9938
2.9904
2.9870
2.9835
2.9801
2.9767
2.9733
2.9699
2.9664
2.9630
2.9596
2.9562
2.9527
2.9493
2.9459
2.9425
2.9391
2.9356
2.9322
2.9288
2.9254
2.9219
2.9185
2.9151
2.9117
2.9082
2.9048
2.9014
2.8980
2.8946
2.8911
2.8877
2.8843
2.8809
2.8774
2.8740
2.8706
2.8672
2.8638
2.8603
2.8569
2.8535
2.8501
2.8466
2.8432
2.8398
2.8364
2.8329
2.8295
2.8261
2.8227
2.8193
2.8158
2.8134
2.8126
2.8117
2.8109
2.8101
2.8092
2.8084
2.8075
2.8067
2.8058
2.8050
2.8042
2.8033
2.8025
2.8016
2.8008
2.7999
2.7991
2.7983
2.7974
2.7966
2.7957
2.7949
2.7940
2.7932
2.7924
2.7915
2.7907
2.7898
2.7890
2.7881
2.7873
2.7864
2.7856
2.7848
2.7839
2.7831
2.7822
2.7814
2.7805
2.7797
2.7789
2.7780
2.7772
2.7763
2.7755
2.7746
2.7738
2.7730
2.7721
2.7713
2.7704
2.7696
2.7687
2.7679
2.7670
2.7662
2.7654
2.7645
2.7637
2.7628
2.7620
2.7611
2.7603
2.7594
2.7586
2.7578
2.7569
2.7561
2.7552
2.7544
2.7535
2.7527
2.7519
2.7510
2.7502
2.7493
2.7485
2.7476
2.7468
2.7459
2.7451
2.7443
2.7434
2.7426
2.7417
2.7409
2.7400
2.7392
2.7383
2.7375
2.7367
end

