Number of Steps:   1000, Learning Rate: 0.00100
Starting Distribution
0.00, 0.51, 0.49, 0.00
0.00, 0.51, 0.49, 0.00
0.25, 0.25, 0.25, 0.25
0.25, 0.25, 0.25, 0.25
0.25, 0.25, 0.25, 0.25
0.25, 0.25, 0.25, 0.25
0.00, 0.49, 0.51, 0.00
0.00, 0.51, 0.49, 0.00
0.25, 0.25, 0.25, 0.25
0.00, 0.49, 0.51, 0.00
0.00, 0.49, 0.51, 0.00
0.25, 0.25, 0.25, 0.25
0.25, 0.25, 0.25, 0.25
0.25, 0.25, 0.25, 0.25
0.25, 0.25, 0.25, 0.25
0.00, 0.51, 0.49, 0.00
0.00, 0.51, 0.49, 0.00

Final Sequence
((....)).((....))
GCGAAGGCAGGGAAACC

free energy of ensemble: -1.10429 kcal/mol, free energy: -0.40000 kcal/mol
log Q(x): 1.7917, deltaG / kT:  -0.6490, -log p(y|x):   1.1427
p(y|x) =   0.3189

Final Distribution
 1: 0.00, 0.00, 1.00, 0.00
 2: 0.00, 1.00, 0.00, 0.00
 3: 0.00, 0.00, 1.00, 0.00
 4: 0.25, 0.25, 0.25, 0.25
 5: 0.25, 0.25, 0.25, 0.25
 6: 0.46, 0.00, 0.54, 0.00
 7: 0.00, 0.00, 1.00, 0.00
 8: 0.00, 1.00, 0.00, 0.00
 9: 0.25, 0.25, 0.25, 0.25
10: 0.00, 0.00, 1.00, 0.00
11: 0.00, 0.00, 1.00, 0.00
12: 0.00, 0.00, 1.00, 0.00
13: 0.25, 0.25, 0.25, 0.25
14: 0.25, 0.25, 0.25, 0.25
15: 0.65, 0.00, 0.35, 0.00
16: 0.00, 1.00, 0.00, 0.00
17: 0.00, 1.00, 0.00, 0.00


Total Time: 1.27 seconds.
Average Time: 0.0013 seconds.
Step, Sequence, -log p(y|x), p(y|x)
    0, CCAAAAGGAGGAAAACC,     3.7776,     0.0229
    1, GCGAAAGCAGGGAAACC,     1.1853,     0.3057
   26, GCGAAGGCAGGGAAGCC,     4.4363,     0.0118
   76, GCGAAGGCAGGGAAACC,     1.1427,     0.3189

start
3503.7226
3497.7566
3454.8766
3127.4429
1008.0025
1007.6285
1002.8391
949.1396
357.2657
6.0258
5.9953
5.9648
5.9344
5.9040
5.8736
5.8434
5.8131
5.7829
5.7528
5.7227
5.6927
5.6627
5.6328
5.6029
5.5731
5.5433
5.5136
5.4839
5.4543
5.4247
5.3951
5.3656
5.3362
5.3068
5.2774
5.2481
5.2189
5.1896
5.1605
5.1313
5.1022
5.0732
5.0442
5.0152
4.9863
4.9574
4.9286
4.8998
4.8711
4.8424
4.8137
4.7851
4.7565
4.7279
4.6994
4.6710
4.6425
4.6141
4.5858
4.5575
4.5292
4.5010
4.4728
4.4446
4.4165
4.3884
4.3603
4.3323
4.3043
4.2764
4.2485
4.2206
4.1927
4.1649
4.1372
4.1094
4.0817
4.0540
4.0264
3.9988
3.9712
3.9436
3.9161
3.8886
3.8612
3.8338
3.8064
3.7790
3.7517
3.7244
3.6971
3.6698
3.6426
3.6154
3.5883
3.5611
3.5340
3.5070
3.4799
3.4529
3.4259
3.3989
3.3720
3.3451
3.3182
3.2913
3.2645
3.2377
3.2109
3.1841
3.1574
3.1307
3.1040
3.0773
3.0592
3.0427
3.0263
3.0099
2.9935
2.9771
2.9608
2.9446
2.9283
2.9121
2.8959
2.8798
2.8637
2.8476
2.8316
2.8194
2.8098
2.8002
2.7907
2.7811
2.7715
2.7620
2.7524
2.7428
2.7332
2.7237
2.7141
2.7045
2.6949
2.6853
2.6757
2.6661
2.6565
2.6469
2.6373
2.6277
2.6181
2.6085
2.5989
2.5892
2.5796
2.5700
2.5604
2.5507
2.5411
2.5315
2.5218
2.5122
2.5025
2.4929
2.4832
2.4736
2.4639
2.4543
2.4446
2.4349
2.4253
2.4156
2.4059
2.3963
2.3866
2.3769
2.3672
2.3575
2.3478
2.3381
2.3284
2.3187
2.3099
2.3040
2.2981
2.2922
2.2862
2.2803
2.2744
2.2685
2.2626
2.2566
2.2507
2.2447
2.2388
2.2329
2.2269
2.2210
2.2168
2.2134
2.2100
2.2067
2.2033
2.1999
2.1965
2.1931
2.1897
2.1863
2.1829
2.1795
2.1760
2.1726
2.1692
2.1658
2.1623
2.1589
2.1555
2.1520
2.1486
2.1451
2.1417
2.1382
2.1347
2.1313
2.1278
2.1243
2.1209
2.1174
2.1139
2.1104
2.1069
2.1034
2.0999
2.0964
2.0929
2.0894
2.0859
2.0824
2.0789
2.0753
2.0718
2.0683
2.0647
2.0612
2.0576
2.0541
2.0505
2.0470
2.0434
2.0399
2.0363
2.0327
2.0291
2.0256
2.0220
2.0184
2.0148
2.0112
2.0076
2.0040
2.0004
1.9967
1.9931
1.9895
1.9859
1.9822
1.9786
1.9749
1.9713
1.9676
1.9640
1.9603
1.9567
1.9530
1.9493
1.9456
1.9420
1.9383
1.9346
1.9309
1.9272
1.9235
1.9198
1.9160
1.9123
1.9086
1.9049
1.9011
1.8974
1.8937
1.8899
1.8861
1.8824
1.8786
1.8749
1.8711
1.8673
1.8635
1.8597
1.8559
1.8522
1.8483
1.8445
1.8407
1.8369
1.8331
1.8293
1.8254
1.8216
1.8178
1.8139
1.8100
1.8062
1.8023
1.7985
1.7946
1.7907
1.7868
1.7829
1.7790
1.7751
1.7712
1.7673
1.7634
1.7595
1.7556
1.7516
1.7477
1.7437
1.7398
1.7358
1.7319
1.7279
1.7240
1.7200
1.7160
1.7120
1.7080
1.7046
1.7015
1.6990
1.6964
1.6939
1.6913
1.6888
1.6862
1.6837
1.6811
1.6785
1.6759
1.6734
1.6708
1.6682
1.6656
1.6629
1.6603
1.6577
1.6550
1.6524
1.6498
1.6471
1.6444
1.6418
1.6391
1.6364
1.6337
1.6310
1.6283
1.6256
1.6229
1.6201
1.6174
1.6146
1.6119
1.6091
1.6064
1.6036
1.6008
1.5980
1.5952
1.5924
1.5896
1.5868
1.5840
1.5812
1.5783
1.5755
1.5726
1.5697
1.5669
1.5640
1.5611
1.5582
1.5553
1.5524
1.5495
1.5465
1.5436
1.5407
1.5377
1.5348
1.5318
1.5288
1.5258
1.5228
1.5198
1.5168
1.5138
1.5108
1.5078
1.5047
1.5017
1.4986
1.4955
1.4925
1.4894
1.4863
1.4832
1.4801
1.4769
1.4738
1.4707
1.4675
1.4644
1.4612
1.4580
1.4549
1.4517
1.4485
1.4453
1.4420
1.4388
1.4356
1.4323
1.4291
1.4258
1.4226
1.4193
1.4160
1.4127
1.4094
1.4060
1.4027
1.3994
1.3960
1.3927
1.3893
1.3859
1.3825
1.3791
1.3757
1.3723
1.3689
1.3655
1.3620
1.3586
1.3551
1.3516
1.3481
1.3446
1.3411
1.3376
1.3341
1.3306
1.3270
1.3235
1.3199
1.3163
1.3127
1.3091
1.3055
1.3019
1.2983
1.2946
1.2910
1.2873
1.2836
1.2800
1.2763
1.2726
1.2688
1.2651
1.2614
1.2576
1.2539
1.2501
1.2463
1.2425
1.2387
1.2349
1.2311
1.2272
1.2234
1.2195
1.2157
1.2118
1.2079
1.2040
1.2000
1.1961
1.1922
1.1882
1.1843
1.1803
1.1763
1.1723
1.1683
1.1643
1.1602
1.1562
1.1521
1.1480
1.1439
1.1399
1.1357
1.1316
1.1275
1.1233
1.1192
1.1150
1.1108
1.1066
1.1024
1.0982
1.0940
1.0897
1.0855
1.0812
1.0769
1.0726
1.0683
1.0640
1.0596
1.0553
1.0509
1.0465
1.0421
1.0377
1.0333
1.0289
1.0244
1.0200
1.0155
1.0110
1.0065
1.0020
0.9975
0.9929
0.9884
0.9838
0.9792
0.9746
0.9700
0.9654
0.9608
0.9561
0.9514
0.9468
0.9421
0.9374
0.9326
0.9279
0.9231
0.9184
0.9136
0.9088
0.9040
0.8992
0.8943
0.8895
0.8846
0.8797
0.8748
0.8699
0.8650
0.8600
0.8550
0.8501
0.8451
0.8401
0.8350
0.8300
0.8249
0.8199
0.8148
0.8097
0.8046
0.7994
0.7943
0.7891
0.7839
0.7787
0.7735
0.7683
0.7631
0.7578
0.7525
0.7472
0.7419
0.7366
0.7312
0.7259
0.7205
0.7151
0.7097
0.7043
0.6988
0.6934
0.6879
0.6824
0.6769
0.6713
0.6658
0.6602
0.6546
0.6490
0.6434
0.6378
0.6321
0.6265
0.6208
0.6151
0.6093
0.6036
0.5978
0.5920
0.5862
0.5809
0.5757
0.5705
0.5653
0.5603
0.5556
0.5508
0.5460
0.5412
0.5363
0.5315
0.5266
0.5218
0.5169
0.5120
0.5071
0.5022
0.4972
0.4923
0.4873
0.4823
0.4773
0.4723
0.4673
0.4623
0.4572
0.4521
0.4471
0.4420
0.4368
0.4317
0.4266
0.4214
0.4163
0.4111
0.4059
0.4007
0.3954
0.3902
0.3849
0.3797
0.3744
0.3691
0.3638
0.3584
0.3531
0.3477
0.3423
0.3369
0.3315
0.3261
0.3207
0.3152
0.3097
0.3042
0.2987
0.2932
0.2877
0.2821
0.2765
0.2710
0.2654
0.2597
0.2541
0.2485
0.2428
0.2371
0.2314
0.2257
0.2200
0.2142
0.2084
0.2027
0.1969
0.1910
0.1852
0.1794
0.1735
0.1676
0.1617
0.1558
0.1502
0.1451
0.1400
0.1349
0.1297
0.1246
0.1194
0.1143
0.1091
0.1039
0.0987
0.0935
0.0883
0.0831
0.0779
0.0726
0.0673
0.0621
0.0568
0.0515
0.0464
0.0422
0.0385
0.0348
0.0311
0.0274
0.0237
0.0200
0.0163
0.0126
0.0089
0.0052
0.0015
-0.0023
-0.0060
-0.0097
-0.0135
-0.0172
-0.0208
-0.0227
-0.0245
-0.0264
-0.0283
-0.0302
-0.0321
-0.0340
-0.0359
-0.0377
-0.0396
-0.0415
-0.0435
-0.0454
-0.0473
-0.0492
-0.0511
-0.0530
-0.0549
-0.0569
-0.0588
-0.0607
-0.0627
-0.0646
-0.0666
-0.0685
-0.0704
-0.0724
-0.0743
-0.0763
-0.0783
-0.0802
-0.0822
-0.0842
-0.0861
-0.0881
-0.0901
-0.0921
-0.0941
-0.0961
-0.0980
-0.1000
-0.1020
-0.1040
-0.1060
-0.1081
-0.1101
-0.1121
-0.1141
-0.1161
-0.1181
-0.1202
-0.1222
-0.1242
-0.1263
-0.1283
-0.1304
-0.1324
-0.1345
-0.1365
-0.1386
-0.1406
-0.1427
-0.1448
-0.1468
-0.1489
-0.1510
-0.1531
-0.1551
-0.1572
-0.1593
-0.1614
-0.1635
-0.1656
-0.1677
-0.1698
-0.1719
-0.1741
-0.1762
-0.1783
-0.1804
-0.1825
-0.1847
-0.1868
-0.1890
-0.1911
-0.1932
-0.1954
-0.1975
-0.1997
-0.2019
-0.2040
-0.2062
-0.2084
-0.2105
-0.2127
-0.2149
-0.2171
-0.2193
-0.2214
-0.2236
-0.2258
-0.2280
-0.2302
-0.2325
-0.2347
-0.2369
-0.2391
-0.2413
-0.2435
-0.2458
-0.2480
-0.2503
-0.2525
-0.2547
-0.2570
-0.2592
-0.2615
-0.2638
-0.2660
-0.2683
-0.2706
-0.2728
-0.2751
-0.2774
-0.2797
-0.2820
-0.2842
-0.2861
-0.2873
-0.2885
-0.2897
-0.2909
-0.2921
-0.2933
-0.2945
-0.2957
-0.2969
-0.2981
-0.2993
-0.3006
-0.3018
-0.3030
-0.3042
-0.3054
-0.3066
-0.3078
-0.3090
-0.3102
-0.3114
-0.3126
-0.3139
-0.3151
-0.3163
-0.3175
-0.3187
-0.3199
-0.3211
-0.3223
-0.3235
-0.3247
-0.3259
-0.3272
-0.3284
-0.3296
-0.3308
-0.3320
-0.3332
-0.3344
-0.3356
-0.3368
-0.3380
-0.3393
-0.3405
-0.3417
-0.3429
-0.3441
-0.3453
-0.3465
-0.3477
-0.3489
-0.3502
-0.3514
-0.3526
-0.3538
-0.3550
-0.3562
-0.3574
-0.3586
-0.3598
-0.3611
-0.3623
-0.3635
-0.3647
-0.3659
-0.3671
-0.3683
-0.3695
-0.3708
-0.3720
-0.3732
-0.3744
-0.3756
-0.3768
-0.3780
-0.3792
-0.3805
-0.3817
-0.3829
-0.3841
-0.3853
-0.3865
-0.3877
-0.3889
-0.3902
-0.3914
-0.3926
-0.3938
-0.3950
-0.3962
-0.3974
-0.3987
-0.3991
-0.3992
-0.3994
-0.3995
-0.3996
-0.3997
-0.3999
-0.4000
-0.4001
-0.4003
-0.4004
-0.4005
-0.4007
-0.4008
-0.4009
-0.4011
-0.4012
-0.4013
-0.4015
-0.4016
-0.4017
-0.4019
-0.4020
-0.4021
-0.4022
-0.4024
-0.4025
-0.4026
-0.4028
-0.4029
-0.4030
-0.4032
end

