Number of Steps:   1000, Learning Rate: 0.00100
Starting Distribution
0.00, 0.49, 0.51, 0.00
0.00, 0.51, 0.49, 0.00
1.00, 0.00, 0.00, 0.00
0.00, 0.51, 0.49, 0.00
1.00, 0.00, 0.00, 0.00
1.00, 0.00, 0.00, 0.00
0.00, 0.51, 0.49, 0.00
1.00, 0.00, 0.00, 0.00
0.00, 0.49, 0.51, 0.00
1.00, 0.00, 0.00, 0.00
1.00, 0.00, 0.00, 0.00
1.00, 0.00, 0.00, 0.00
1.00, 0.00, 0.00, 0.00
0.00, 0.51, 0.49, 0.00
1.00, 0.00, 0.00, 0.00
0.00, 0.49, 0.51, 0.00
1.00, 0.00, 0.00, 0.00
1.00, 0.00, 0.00, 0.00
1.00, 0.00, 0.00, 0.00
1.00, 0.00, 0.00, 0.00
0.00, 0.51, 0.49, 0.00
1.00, 0.00, 0.00, 0.00
0.00, 0.51, 0.49, 0.00
1.00, 0.00, 0.00, 0.00
1.00, 0.00, 0.00, 0.00
0.00, 0.51, 0.49, 0.00
1.00, 0.00, 0.00, 0.00
0.00, 0.51, 0.49, 0.00
1.00, 0.00, 0.00, 0.00
1.00, 0.00, 0.00, 0.00
1.00, 0.00, 0.00, 0.00
1.00, 0.00, 0.00, 0.00
0.00, 0.51, 0.49, 0.00
1.00, 0.00, 0.00, 0.00
0.00, 0.49, 0.51, 0.00
0.00, 0.51, 0.49, 0.00

Final Sequence
((.(..(.(....).(....).)..).(....).))
GCACAACAGGAAACAGGAAACAGAAGACGAAAGAGC

free energy of ensemble: -0.06658 kcal/mol, free energy: 20.40000 kcal/mol
log Q(x): 0.1080, deltaG / kT:  33.0996, -log p(y|x):  33.2077
p(y|x) =   0.0000

Final Distribution
 1: 0.00, 0.00, 1.00, 0.00
 2: 0.00, 1.00, 0.00, 0.00
 3: 1.00, 0.00, 0.00, 0.00
 4: 0.00, 0.50, 0.50, 0.00
 5: 0.81, 0.00, 0.19, 0.00
 6: 0.85, 0.00, 0.15, 0.00
 7: 0.00, 0.50, 0.50, 0.00
 8: 1.00, 0.00, 0.00, 0.00
 9: 0.00, 0.00, 1.00, 0.00
10: 0.00, 0.00, 1.00, 0.00
11: 1.00, 0.00, 0.00, 0.00
12: 1.00, 0.00, 0.00, 0.00
13: 1.00, 0.00, 0.00, 0.00
14: 0.00, 1.00, 0.00, 0.00
15: 1.00, 0.00, 0.00, 0.00
16: 0.00, 0.00, 1.00, 0.00
17: 0.00, 0.00, 1.00, 0.00
18: 1.00, 0.00, 0.00, 0.00
19: 1.00, 0.00, 0.00, 0.00
20: 1.00, 0.00, 0.00, 0.00
21: 0.00, 1.00, 0.00, 0.00
22: 1.00, 0.00, 0.00, 0.00
23: 0.00, 0.50, 0.50, 0.00
24: 0.81, 0.00, 0.19, 0.00
25: 0.85, 0.00, 0.15, 0.00
26: 0.00, 0.50, 0.50, 0.00
27: 1.00, 0.00, 0.00, 0.00
28: 0.00, 1.00, 0.00, 0.00
29: 0.36, 0.00, 0.64, 0.00
30: 1.00, 0.00, 0.00, 0.00
31: 1.00, 0.00, 0.00, 0.00
32: 1.00, 0.00, 0.00, 0.00
33: 0.00, 0.00, 1.00, 0.00
34: 1.00, 0.00, 0.00, 0.00
35: 0.00, 0.00, 1.00, 0.00
36: 0.00, 1.00, 0.00, 0.00


Total Time: 63.17 seconds.
Average Time: 0.0632 seconds.
Step, Sequence, -log p(y|x), p(y|x)
    0, GCACAACAGAAAACAGAAAACAGAAGACAAAAGAGC,    38.9742,     0.0000
  476, GCACAACAGGAAACAGGAAACAGAAGACAAAAGAGC,    34.4689,     0.0000
  801, GCACAACAGGAAACAGGAAACAGAAGACGAAAGAGC,    33.2077,     0.0000

start
6519.9677
6507.9819
6396.2295
5263.3213
2786.9166
2789.1335
2771.2148
2439.1239
1784.9006
1784.8571
1784.8259
1784.7843
1784.7534
1784.7137
1784.6832
1784.6452
1784.6150
1784.5787
1784.5488
1784.5142
1784.4844
1784.4516
1784.4220
1784.3907
1784.3616
1784.3314
1784.3026
1784.2733
1784.2445
1784.2161
1784.1878
1784.1597
1784.1316
1784.1036
1784.0757
1784.0478
1784.0199
1783.9921
1783.9644
1783.9367
1783.9090
1783.8814
1783.8539
1783.8264
1783.7990
1783.7716
1783.7443
1783.7170
1783.6897
1783.6625
1783.6354
1783.6083
1783.5813
1783.5543
1783.5273
1783.5004
1783.4736
1783.4468
1783.4200
1783.3933
1783.3667
1783.3401
1783.3135
1783.2870
1783.2605
1783.2340
1783.2077
1783.1813
1783.1550
1783.1288
1783.1026
1783.0764
1783.0503
1783.0242
1782.9982
1782.9722
1782.9462
1782.9203
1782.8944
1782.8686
1782.8428
1782.8171
1782.7914
1782.7657
1782.7401
1782.7145
1782.6890
1782.6635
1782.6381
1782.6126
1782.5873
1782.5619
1782.5366
1782.5114
1782.4862
1782.4610
1782.4358
1782.4107
1782.3856
1782.3606
1782.3356
1782.3107
1782.2857
1782.2609
1782.2360
1782.2112
1782.1864
1782.1617
1782.1370
1782.1123
1782.0877
1782.0631
1782.0385
1782.0140
1781.9895
1781.9650
1781.9406
1781.9162
1781.8918
1781.8675
1781.8432
1781.8190
1781.7947
1781.7705
1781.7464
1781.7222
1781.6981
1781.6741
1781.6500
1781.6260
1781.6021
1781.5781
1781.5542
1781.5303
1781.5065
1781.4826
1781.4588
1781.4351
1781.4113
1781.3876
1781.3640
1781.3403
1781.3167
1781.2931
1781.2696
1781.2460
1781.2225
1781.1990
1781.1756
1781.1522
1781.1288
1781.1054
1781.0821
1781.0587
1781.0355
1781.0122
1780.9890
1780.9657
1780.9426
1780.9194
1780.8963
1780.8732
1780.8501
1780.8270
1780.8040
1780.7810
1780.7580
1780.7350
1780.7121
1780.6925
1780.6783
1780.6641
1780.6500
1780.6358
1780.6218
1780.6077
1780.5936
1780.5796
1780.5705
1780.5617
1780.5529
1780.5440
1780.5352
1780.5264
1780.5175
1780.5087
1780.4999
1780.4910
1780.4822
1780.4734
1780.4645
1780.4557
1780.4469
1780.4381
1780.4292
1780.4204
1780.4116
1780.4028
1780.3939
1780.3851
1780.3763
1780.3674
1780.3586
1780.3498
1780.3410
1780.3321
1780.3233
1780.3145
1780.3056
1780.2968
1780.2880
1780.2792
1780.2703
1780.2615
1780.2527
1780.2438
1780.2350
1780.2262
1780.2190
1780.2133
1780.2076
1780.2020
1780.1963
1780.1907
1780.1850
1780.1794
1780.1737
1780.1681
1780.1624
1780.1568
1780.1511
1780.1455
1780.1398
1780.1342
1780.1285
1780.1229
1780.1172
1780.1116
1780.1060
1780.1003
1780.0947
1780.0890
1780.0834
1780.0778
1780.0721
1780.0665
1780.0608
1780.0552
1780.0496
1780.0439
1780.0383
1780.0327
1780.0270
1780.0214
1780.0158
1780.0101
1780.0045
1779.9989
1779.9932
1779.9876
1779.9820
1779.9763
1779.9707
1779.9651
1779.9594
1779.9538
1779.9481
1779.9425
1779.9369
1779.9312
1779.9256
1779.9200
1779.9143
1779.9087
1779.9031
1779.8974
1779.8918
1779.8861
1779.8805
1779.8749
1779.8692
1779.8636
1779.8579
1779.8523
1779.8466
1779.8410
1779.8354
1779.8297
1779.8241
1779.8184
1779.8128
1779.8071
1779.8015
1779.7958
1779.7901
1779.7845
1779.7788
1779.7732
1779.7675
1779.7619
1779.7562
1779.7505
1779.7449
1779.7392
1779.7335
1779.7279
1779.7222
1779.7165
1779.7108
1779.7052
1779.6995
1779.6938
1779.6881
1779.6824
1779.6767
1779.6711
1779.6654
1779.6597
1779.6540
1779.6483
1779.6426
1779.6369
1779.6312
1779.6255
1779.6198
1779.6141
1779.6083
1779.6026
1779.5969
1779.5912
1779.5855
1779.5798
1779.5740
1779.5683
1779.5626
1779.5568
1779.5511
1779.5454
1779.5396
1779.5339
1779.5281
1779.5224
1779.5166
1779.5109
1779.5051
1779.4993
1779.4936
1779.4878
1779.4820
1779.4763
1779.4705
1779.4647
1779.4589
1779.4531
1779.4473
1779.4415
1779.4357
1779.4299
1779.4241
1779.4183
1779.4125
1779.4067
1779.4009
1779.3951
1779.3892
1779.3834
1779.3776
1779.3717
1779.3659
1779.3601
1779.3542
1779.3484
1779.3425
1779.3366
1779.3308
1779.3249
1779.3190
1779.3132
1779.3073
1779.3014
1779.2955
1779.2896
1779.2837
1779.2778
1779.2719
1779.2660
1779.2601
1779.2542
1779.2482
1779.2423
1779.2364
1779.2304
1779.2245
1779.2185
1779.2126
1779.2066
1779.2007
1779.1947
1779.1887
1779.1828
1779.1768
1779.1708
1779.1648
1779.1588
1779.1528
1779.1468
1779.1408
1779.1348
1779.1287
1779.1227
1779.1167
1779.1106
1779.1046
1779.0985
1779.0925
1779.0864
1779.0804
1779.0743
1779.0682
1779.0621
1779.0560
1779.0499
1779.0438
1779.0377
1779.0316
1779.0255
1779.0194
1779.0132
1779.0071
1779.0010
1778.9948
1778.9887
1778.9825
1778.9763
1778.9702
1778.9640
1778.9578
1778.9516
1778.9454
1778.9392
1778.9330
1778.9268
1778.9205
1778.9143
1778.9081
1778.9018
1778.8956
1778.8893
1778.8831
1778.8768
1778.8705
1778.8642
1778.8579
1778.8516
1778.8453
1778.8390
1778.8327
1778.8263
1778.8200
1778.8137
1778.8073
1778.8010
1778.7946
1778.7882
1778.7818
1778.7755
1778.7691
1778.7627
1778.7563
1778.7498
1778.7434
1778.7370
1778.7305
1778.7241
1778.7176
1778.7112
1778.7047
1778.6982
1778.6917
1778.6852
1778.6787
1778.6722
1778.6657
1778.6592
1778.6526
1778.6461
1778.6395
1778.6330
1778.6264
1778.6198
1778.6132
1778.6066
1778.6000
1778.5934
1778.5871
1778.5810
1778.5748
1778.5687
1778.5626
1778.5565
1778.5504
1778.5442
1778.5381
1778.5320
1778.5259
1778.5198
1778.5136
1778.5075
1778.5014
1778.4953
1778.4891
1778.4830
1778.4769
1778.4708
1778.4646
1778.4585
1778.4524
1778.4463
1778.4401
1778.4340
1778.4279
1778.4217
1778.4156
1778.4095
1778.4034
1778.3972
1778.3911
1778.3850
1778.3788
1778.3727
1778.3666
1778.3604
1778.3543
1778.3482
1778.3420
1778.3359
1778.3298
1778.3236
1778.3175
1778.3114
1778.3052
1778.2991
1778.2930
1778.2868
1778.2807
1778.2745
1778.2684
1778.2623
1778.2561
1778.2500
1778.2438
1778.2377
1778.2316
1778.2254
1778.2193
1778.2131
1778.2070
1778.2008
1778.1947
1778.1886
1778.1824
1778.1763
1778.1701
1778.1640
1778.1578
1778.1517
1778.1455
1778.1394
1778.1332
1778.1271
1778.1209
1778.1148
1778.1086
1778.1025
1778.0963
1778.0901
1778.0840
1778.0778
1778.0717
1778.0655
1778.0594
1778.0532
1778.0470
1778.0409
1778.0347
1778.0286
1778.0224
1778.0162
1778.0101
1778.0039
1777.9978
1777.9916
1777.9854
1777.9793
1777.9731
1777.9669
1777.9608
1777.9546
1777.9484
1777.9422
1777.9361
1777.9299
1777.9237
1777.9176
1777.9114
1777.9052
1777.8990
1777.8929
1777.8867
1777.8805
1777.8743
1777.8682
1777.8620
1777.8558
1777.8496
1777.8434
1777.8373
1777.8311
1777.8249
1777.8187
1777.8125
1777.8063
1777.8002
1777.7940
1777.7878
1777.7816
1777.7754
1777.7692
1777.7630
1777.7568
1777.7506
1777.7444
1777.7383
1777.7321
1777.7259
1777.7197
1777.7135
1777.7073
1777.7011
1777.6949
1777.6887
1777.6825
1777.6763
1777.6701
1777.6639
1777.6577
1777.6515
1777.6453
1777.6391
1777.6328
1777.6266
1777.6204
1777.6142
1777.6080
1777.6018
1777.5956
1777.5894
1777.5832
1777.5769
1777.5707
1777.5645
1777.5583
1777.5521
1777.5459
1777.5396
1777.5334
1777.5272
1777.5210
1777.5147
1777.5085
1777.5023
1777.4961
1777.4898
1777.4836
1777.4774
1777.4712
1777.4649
1777.4587
1777.4525
1777.4462
1777.4400
1777.4338
1777.4275
1777.4213
1777.4150
1777.4088
1777.4026
1777.3963
1777.3901
1777.3838
1777.3776
1777.3713
1777.3651
1777.3589
1777.3526
1777.3464
1777.3401
1777.3339
1777.3276
1777.3214
1777.3151
1777.3088
1777.3026
1777.2963
1777.2901
1777.2838
1777.2776
1777.2713
1777.2650
1777.2588
1777.2525
1777.2462
1777.2400
1777.2337
1777.2274
1777.2212
1777.2149
1777.2086
1777.2023
1777.1961
1777.1898
1777.1835
1777.1772
1777.1710
1777.1647
1777.1584
1777.1521
1777.1458
1777.1396
1777.1333
1777.1270
1777.1207
1777.1144
1777.1081
1777.1018
1777.0955
1777.0893
1777.0830
1777.0767
1777.0704
1777.0641
1777.0578
1777.0515
1777.0452
1777.0389
1777.0326
1777.0263
1777.0200
1777.0137
1777.0073
1777.0010
1776.9947
1776.9884
1776.9821
1776.9758
1776.9695
1776.9632
1776.9568
1776.9505
1776.9442
1776.9379
1776.9316
1776.9252
1776.9189
1776.9126
1776.9063
1776.8999
1776.8936
1776.8873
1776.8809
1776.8746
1776.8683
1776.8619
1776.8556
1776.8493
1776.8429
1776.8366
1776.8302
1776.8239
1776.8176
1776.8112
1776.8049
1776.7985
1776.7922
1776.7859
1776.7797
1776.7735
1776.7673
1776.7611
1776.7549
1776.7487
1776.7425
1776.7362
1776.7300
1776.7238
1776.7176
1776.7114
1776.7052
1776.6990
1776.6928
1776.6865
1776.6803
1776.6741
1776.6679
1776.6617
1776.6555
1776.6493
1776.6431
1776.6368
1776.6306
1776.6244
1776.6182
1776.6120
1776.6058
1776.5996
1776.5934
1776.5872
1776.5809
1776.5747
1776.5685
1776.5623
1776.5561
1776.5499
1776.5437
1776.5375
1776.5313
1776.5250
1776.5188
1776.5126
1776.5064
1776.5002
1776.4940
1776.4878
1776.4816
1776.4754
1776.4692
1776.4629
1776.4567
1776.4505
1776.4443
1776.4381
1776.4319
1776.4257
1776.4195
1776.4133
1776.4071
1776.4008
1776.3946
1776.3884
1776.3822
1776.3760
1776.3698
1776.3636
1776.3574
1776.3512
1776.3450
1776.3388
1776.3325
1776.3263
1776.3201
1776.3139
1776.3077
1776.3015
1776.2953
1776.2891
1776.2829
1776.2767
1776.2705
1776.2643
1776.2580
1776.2518
1776.2456
1776.2394
1776.2332
1776.2270
1776.2208
1776.2146
1776.2084
1776.2022
1776.1960
1776.1898
1776.1836
1776.1773
1776.1711
1776.1649
1776.1587
1776.1525
1776.1463
1776.1401
1776.1339
1776.1277
1776.1215
1776.1153
1776.1091
1776.1029
1776.0967
1776.0904
1776.0842
1776.0780
1776.0718
1776.0656
1776.0594
1776.0532
1776.0470
1776.0408
1776.0346
1776.0284
1776.0222
1776.0160
1776.0098
1776.0083
1776.0072
1776.0062
1776.0051
1776.0041
1776.0030
1776.0020
1776.0009
1775.9999
1775.9988
1775.9978
1775.9968
1775.9957
1775.9947
1775.9936
1775.9926
1775.9915
1775.9905
1775.9894
1775.9884
1775.9874
1775.9863
1775.9853
1775.9842
1775.9832
1775.9821
1775.9811
1775.9800
1775.9790
1775.9779
1775.9769
1775.9759
1775.9748
1775.9738
1775.9727
1775.9717
1775.9706
1775.9696
1775.9685
1775.9675
1775.9665
1775.9654
1775.9644
1775.9633
1775.9623
1775.9612
1775.9602
1775.9592
1775.9581
1775.9571
1775.9560
1775.9550
1775.9539
1775.9529
1775.9519
1775.9508
1775.9498
1775.9487
1775.9477
1775.9466
1775.9456
1775.9445
1775.9435
1775.9425
1775.9414
1775.9404
1775.9393
1775.9383
1775.9372
1775.9362
1775.9352
1775.9341
1775.9331
1775.9320
1775.9310
1775.9300
1775.9289
1775.9279
1775.9268
1775.9258
1775.9247
1775.9237
1775.9227
1775.9216
1775.9206
1775.9195
1775.9185
1775.9174
1775.9164
1775.9154
end

