Num Steps:   1000, Learning Rate: 0.001000
Starting Distribution
0.25, 0.25, 0.25, 0.25
0.25, 0.25, 0.25, 0.25
0.25, 0.25, 0.25, 0.25
0.25, 0.25, 0.25, 0.25
0.25, 0.25, 0.25, 0.25
0.25, 0.25, 0.25, 0.25
0.25, 0.25, 0.25, 0.25
0.25, 0.25, 0.25, 0.25
0.25, 0.25, 0.25, 0.25
0.25, 0.25, 0.25, 0.25
0.25, 0.25, 0.25, 0.25
0.25, 0.25, 0.25, 0.25
0.25, 0.25, 0.25, 0.25
0.25, 0.25, 0.25, 0.25
0.25, 0.25, 0.25, 0.25
0.25, 0.25, 0.25, 0.25
0.25, 0.25, 0.25, 0.25

Final Sequence
((....)).((....))
GCGAAGGCAGCGAAGGC

free energy of ensemble: -1.20819 kcal/mol, free energy: -0.40000 kcal/mol
log Q(x): 1.9603, deltaG / kT:  -0.6490, -log p(y|x):   1.3113
p(y|x) =   0.2695

Final Distribution
 1: 0.00, 0.00, 1.00, 0.00
 2: 0.00, 1.00, 0.00, 0.00
 3: 0.00, 0.00, 1.00, 0.00
 4: 0.25, 0.25, 0.25, 0.25
 5: 0.25, 0.25, 0.25, 0.25
 6: 0.46, 0.00, 0.54, 0.00
 7: 0.00, 0.00, 1.00, 0.00
 8: 0.00, 1.00, 0.00, 0.00
 9: 0.25, 0.25, 0.25, 0.25
10: 0.00, 0.00, 1.00, 0.00
11: 0.00, 1.00, 0.00, 0.00
12: 0.00, 0.00, 1.00, 0.00
13: 0.25, 0.25, 0.25, 0.25
14: 0.25, 0.25, 0.25, 0.25
15: 0.46, 0.00, 0.54, 0.00
16: 0.00, 0.00, 1.00, 0.00
17: 0.00, 1.00, 0.00, 0.00


Step, Sequence, -log p(y|x), p(y|x)
    1, GUGAAGGUAGUGAAGGU,    20.4485,     0.0000
  121, GCGAAGGUAGCGAAGGU,     4.6254,     0.0098
  181, GCGAAGGCAGCGAAGGC,     1.3113,     0.2695

start
4224.3439
3582.0795
3514.1497
3509.6260
3509.3077
3509.1491
3507.7972
3497.7498
3420.8097
2798.1550
177.6869
18.6410
18.5481
18.4555
18.3634
18.2717
18.1804
18.0895
17.9990
17.9089
17.8192
17.7299
17.6410
17.5526
17.4645
17.3768
17.2894
17.2025
17.1160
17.0298
16.9441
16.8587
16.7737
16.6891
16.6048
16.5209
16.4374
16.3543
16.2715
16.1891
16.1071
16.0254
15.9441
15.8631
15.7825
15.7023
15.6224
15.5429
15.4637
15.3848
15.3063
15.2282
15.1504
15.0729
14.9958
14.9190
14.8426
14.7665
14.6907
14.6153
14.5401
14.4654
14.3909
14.3168
14.2430
14.1695
14.0963
14.0235
13.9509
13.8787
13.8068
13.7352
13.6639
13.5930
13.5223
13.4520
13.3819
13.3122
13.2427
13.1736
13.1047
13.0362
12.9679
12.9000
12.8323
12.7649
12.6978
12.6310
12.5645
12.4983
12.4324
12.3667
12.3013
12.2362
12.1714
12.1069
12.0426
11.9786
11.9149
11.8514
11.7883
11.7254
11.6627
11.6003
11.5382
11.4764
11.4148
11.3535
11.2924
11.2316
11.1710
11.1107
11.0507
10.9909
10.9314
10.8721
10.8130
10.7542
10.6957
10.6374
10.5793
10.5215
10.4639
10.4066
10.3495
10.2926
10.2360
10.1796
10.1235
10.0676
10.0119
9.9564
9.9012
9.8462
9.7914
9.7369
9.6825
9.6284
9.5746
9.5209
9.4675
9.4142
9.3612
9.3084
9.2559
9.2035
9.1514
9.0994
9.0477
8.9962
8.9449
8.8938
8.8429
8.7922
8.7417
8.6915
8.6414
8.5915
8.5418
8.4924
8.4431
8.3940
8.3451
8.2964
8.2479
8.1996
8.1515
8.1036
8.0559
8.0083
7.9610
7.9138
7.8668
7.8200
7.7734
7.7269
7.6807
7.6346
7.5887
7.5430
7.4975
7.4521
7.4069
7.3619
7.3171
7.2724
7.2279
7.1836
7.1394
7.0955
7.0516
7.0080
6.9645
6.9212
6.8781
6.8351
6.7922
6.7496
6.7071
6.6647
6.6225
6.5805
6.5387
6.4969
6.4554
6.4140
6.3727
6.3316
6.2907
6.2499
6.2093
6.1688
6.1284
6.0882
6.0482
6.0083
5.9685
5.9289
5.8894
5.8501
5.8109
5.7719
5.7330
5.6942
5.6556
5.6171
5.5788
5.5405
5.5025
5.4645
5.4267
5.3890
5.3515
5.3141
5.2768
5.2396
5.2026
5.1657
5.1290
5.0923
5.0558
5.0194
4.9832
4.9470
4.9110
4.8751
4.8393
4.8037
4.7681
4.7327
4.6974
4.6623
4.6272
4.5923
4.5574
4.5227
4.4881
4.4536
4.4193
4.3850
4.3508
4.3168
4.2829
4.2491
4.2154
4.1818
4.1483
4.1149
4.0816
4.0484
4.0153
3.9824
3.9495
3.9167
3.8841
3.8515
3.8191
3.7867
3.7544
3.7223
3.6902
3.6582
3.6264
3.5946
3.5629
3.5313
3.4998
3.4684
3.4371
3.4059
3.3748
3.3438
3.3128
3.2820
3.2512
3.2205
3.1899
3.1802
3.1719
3.1636
3.1553
3.1470
3.1387
3.1304
3.1221
3.1138
3.1055
3.0971
3.0888
3.0805
3.0721
3.0638
3.0555
3.0471
3.0388
3.0304
3.0221
3.0137
3.0053
2.9969
2.9886
2.9802
2.9718
2.9634
2.9550
2.9466
2.9382
2.9298
2.9214
2.9130
2.9046
2.8961
2.8877
2.8793
2.8708
2.8624
2.8539
2.8455
2.8370
2.8286
2.8201
2.8116
2.8031
2.7947
2.7862
2.7777
2.7692
2.7607
2.7522
2.7437
2.7351
2.7266
2.7181
2.7096
2.7010
2.6925
2.6839
2.6754
2.6668
2.6583
2.6497
2.6411
2.6326
2.6240
2.6154
2.6068
2.5982
2.5896
2.5810
2.5724
2.5638
2.5551
2.5465
2.5379
2.5292
2.5206
2.5119
2.5033
2.4946
2.4859
2.4773
2.4686
2.4606
2.4535
2.4464
2.4393
2.4321
2.4250
2.4179
2.4108
2.4037
2.3965
2.3894
2.3822
2.3751
2.3679
2.3608
2.3536
2.3464
2.3392
2.3320
2.3249
2.3177
2.3105
2.3032
2.2960
2.2888
2.2816
2.2744
2.2671
2.2599
2.2526
2.2454
2.2381
2.2308
2.2236
2.2163
2.2090
2.2017
2.1944
2.1871
2.1798
2.1725
2.1652
2.1578
2.1505
2.1432
2.1358
2.1285
2.1211
2.1137
2.1064
2.0990
2.0916
2.0842
2.0768
2.0694
2.0620
2.0546
2.0472
2.0397
2.0323
2.0248
2.0174
2.0099
2.0025
1.9950
1.9875
1.9800
1.9725
1.9650
1.9575
1.9500
1.9425
1.9350
1.9274
1.9199
1.9123
1.9048
1.8972
1.8897
1.8821
1.8745
1.8669
1.8593
1.8517
1.8441
1.8364
1.8288
1.8212
1.8135
1.8059
1.7982
1.7905
1.7829
1.7752
1.7675
1.7598
1.7521
1.7444
1.7366
1.7289
1.7212
1.7134
1.7057
1.6979
1.6901
1.6824
1.6746
1.6668
1.6590
1.6512
1.6433
1.6355
1.6277
1.6198
1.6120
1.6041
1.5962
1.5884
1.5805
1.5726
1.5647
1.5567
1.5488
1.5409
1.5329
1.5250
1.5170
1.5091
1.5011
1.4931
1.4851
1.4771
1.4691
1.4611
1.4530
1.4450
1.4369
1.4289
1.4208
1.4127
1.4046
1.3965
1.3884
1.3803
1.3722
1.3641
1.3559
1.3478
1.3396
1.3314
1.3232
1.3150
1.3068
1.2986
1.2904
1.2822
1.2739
1.2657
1.2574
1.2491
1.2408
1.2325
1.2242
1.2159
1.2076
1.1993
1.1909
1.1826
1.1742
1.1658
1.1574
1.1490
1.1406
1.1322
1.1238
1.1153
1.1069
1.0984
1.0899
1.0814
1.0729
1.0644
1.0559
1.0490
1.0456
1.0422
1.0388
1.0354
1.0319
1.0285
1.0250
1.0216
1.0181
1.0146
1.0111
1.0076
1.0041
1.0005
0.9970
0.9934
0.9899
0.9863
0.9827
0.9791
0.9755
0.9718
0.9682
0.9645
0.9609
0.9572
0.9535
0.9498
0.9461
0.9423
0.9386
0.9348
0.9311
0.9273
0.9235
0.9197
0.9159
0.9120
0.9082
0.9043
0.9005
0.8966
0.8927
0.8888
0.8848
0.8809
0.8769
0.8730
0.8690
0.8650
0.8610
0.8570
0.8529
0.8489
0.8448
0.8408
0.8367
0.8326
0.8284
0.8243
0.8202
0.8160
0.8118
0.8076
0.8034
0.7992
0.7950
0.7907
0.7864
0.7822
0.7779
0.7736
0.7692
0.7649
0.7605
0.7562
0.7518
0.7474
0.7430
0.7385
0.7341
0.7296
0.7252
0.7207
0.7162
0.7116
0.7071
0.7025
0.6980
0.6934
0.6888
0.6842
0.6795
0.6749
0.6702
0.6655
0.6608
0.6561
0.6514
0.6466
0.6418
0.6370
0.6322
0.6274
0.6226
0.6177
0.6129
0.6080
0.6031
0.5982
0.5932
0.5883
0.5833
0.5783
0.5733
0.5683
0.5632
0.5581
0.5531
0.5480
0.5429
0.5377
0.5326
0.5274
0.5222
0.5170
0.5118
0.5065
0.5013
0.4960
0.4907
0.4854
0.4800
0.4747
0.4693
0.4639
0.4585
0.4530
0.4476
0.4421
0.4366
0.4311
0.4256
0.4200
0.4144
0.4089
0.4032
0.3976
0.3920
0.3863
0.3806
0.3749
0.3692
0.3634
0.3576
0.3518
0.3460
0.3410
0.3361
0.3328
0.3295
0.3262
0.3229
0.3196
0.3163
0.3130
0.3096
0.3063
0.3030
0.2996
0.2963
0.2929
0.2896
0.2862
0.2828
0.2795
0.2761
0.2727
0.2693
0.2659
0.2625
0.2591
0.2556
0.2522
0.2488
0.2454
0.2419
0.2385
0.2350
0.2316
0.2281
0.2246
0.2211
0.2177
0.2142
0.2107
0.2072
0.2037
0.2002
0.1966
0.1931
0.1896
0.1860
0.1825
0.1790
0.1754
0.1718
0.1683
0.1647
0.1611
0.1575
0.1539
0.1503
0.1467
0.1431
0.1395
0.1359
0.1323
0.1286
0.1250
0.1213
0.1177
0.1140
0.1104
0.1067
0.1030
0.0993
0.0956
0.0919
0.0882
0.0845
0.0808
0.0771
0.0734
0.0696
0.0659
0.0621
0.0584
0.0546
0.0509
0.0471
0.0433
0.0395
0.0357
0.0319
0.0281
0.0243
0.0205
0.0167
0.0128
0.0090
0.0051
0.0013
-0.0026
-0.0064
-0.0103
-0.0142
-0.0181
-0.0220
-0.0259
-0.0298
-0.0337
-0.0376
-0.0415
-0.0454
-0.0494
-0.0533
-0.0573
-0.0612
-0.0652
-0.0692
-0.0732
-0.0771
-0.0811
-0.0851
-0.0891
-0.0932
-0.0972
-0.1012
-0.1052
-0.1093
-0.1133
-0.1174
-0.1214
-0.1255
-0.1296
-0.1337
-0.1378
-0.1418
-0.1460
-0.1501
-0.1542
-0.1583
-0.1624
-0.1666
-0.1707
-0.1749
-0.1790
-0.1832
-0.1874
-0.1916
-0.1957
-0.1999
-0.2041
-0.2083
-0.2126
-0.2168
-0.2210
-0.2253
-0.2295
-0.2338
-0.2380
-0.2423
-0.2466
-0.2508
-0.2551
-0.2594
-0.2637
-0.2680
-0.2716
-0.2738
-0.2760
-0.2782
-0.2804
-0.2826
-0.2847
-0.2869
-0.2891
-0.2913
-0.2935
-0.2957
-0.2978
-0.3000
-0.3022
-0.3044
-0.3066
-0.3088
-0.3109
-0.3131
-0.3153
-0.3175
-0.3197
-0.3219
-0.3241
-0.3262
-0.3284
-0.3306
-0.3328
-0.3350
-0.3372
-0.3394
-0.3415
-0.3437
-0.3459
-0.3481
-0.3503
-0.3525
-0.3547
-0.3569
-0.3590
-0.3612
-0.3634
-0.3656
-0.3678
-0.3700
-0.3722
-0.3744
-0.3765
-0.3787
-0.3809
-0.3831
-0.3853
-0.3875
-0.3897
-0.3919
-0.3941
-0.3963
-0.3984
-0.4006
-0.4028
-0.4050
-0.4072
-0.4094
-0.4116
-0.4138
-0.4160
-0.4182
-0.4204
-0.4225
-0.4247
-0.4269
-0.4291
-0.4313
-0.4335
-0.4357
-0.4379
-0.4401
-0.4423
-0.4445
-0.4467
-0.4489
-0.4511
-0.4532
-0.4554
-0.4576
-0.4598
-0.4620
-0.4642
-0.4664
-0.4686
-0.4708
-0.4730
-0.4752
-0.4774
-0.4796
-0.4818
-0.4840
-0.4862
-0.4884
-0.4906
-0.4928
-0.4950
-0.4972
-0.4994
-0.4999
-0.5000
-0.5000
-0.5000
-0.5000
-0.5001
-0.5001
-0.5001
-0.5001
-0.5002
end

Total Time: 1.11 seconds.
Average Time: 0.0011 seconds.
