Number of Steps:   1000, Learning Rate: 0.00100
Starting Distribution
0.00, 0.49, 0.51, 0.00
0.00, 0.51, 0.49, 0.00
0.00, 0.51, 0.49, 0.00
0.00, 0.49, 0.51, 0.00
0.00, 0.49, 0.51, 0.00
0.00, 0.49, 0.51, 0.00
1.00, 0.00, 0.00, 0.00
0.00, 0.51, 0.49, 0.00
0.00, 0.49, 0.51, 0.00
0.00, 0.51, 0.49, 0.00
0.00, 0.49, 0.51, 0.00
1.00, 0.00, 0.00, 0.00
1.00, 0.00, 0.00, 0.00
1.00, 0.00, 0.00, 0.00
1.00, 0.00, 0.00, 0.00
0.00, 0.49, 0.51, 0.00
0.00, 0.49, 0.51, 0.00
0.00, 0.49, 0.51, 0.00
0.00, 0.49, 0.51, 0.00
0.00, 0.49, 0.51, 0.00
0.00, 0.49, 0.51, 0.00
0.00, 0.49, 0.51, 0.00
1.00, 0.00, 0.00, 0.00
0.00, 0.49, 0.51, 0.00
0.00, 0.49, 0.51, 0.00
0.00, 0.51, 0.49, 0.00
1.00, 0.00, 0.00, 0.00
1.00, 0.00, 0.00, 0.00
1.00, 0.00, 0.00, 0.00
1.00, 0.00, 0.00, 0.00
1.00, 0.00, 0.00, 0.00
1.00, 0.00, 0.00, 0.00
1.00, 0.00, 0.00, 0.00
1.00, 0.00, 0.00, 0.00
1.00, 0.00, 0.00, 0.00
1.00, 0.00, 0.00, 0.00

Final Sequence
((((((.((((....))))))).)))..........
GCCCCCACCCCGAAAGGGGGGGAGGCAAAAAAAAAA

free energy of ensemble: -18.92317 kcal/mol, free energy: -18.90000 kcal/mol
log Q(x): 30.7034, deltaG / kT: -30.6658, -log p(y|x):   0.0376
p(y|x) =   0.9631

Final Distribution
 1: 0.00, 0.00, 1.00, 0.00
 2: 0.00, 1.00, 0.00, 0.00
 3: 0.00, 1.00, 0.00, 0.00
 4: 0.00, 1.00, 0.00, 0.00
 5: 0.00, 1.00, 0.00, 0.00
 6: 0.00, 1.00, 0.00, 0.00
 7: 1.00, 0.00, 0.00, 0.00
 8: 0.00, 1.00, 0.00, 0.00
 9: 0.00, 1.00, 0.00, 0.00
10: 0.00, 1.00, 0.00, 0.00
11: 0.00, 1.00, 0.00, 0.00
12: 0.36, 0.00, 0.64, 0.00
13: 1.00, 0.00, 0.00, 0.00
14: 1.00, 0.00, 0.00, 0.00
15: 1.00, 0.00, 0.00, 0.00
16: 0.00, 0.00, 1.00, 0.00
17: 0.00, 0.00, 1.00, 0.00
18: 0.00, 0.00, 1.00, 0.00
19: 0.00, 0.00, 1.00, 0.00
20: 0.00, 0.00, 1.00, 0.00
21: 0.00, 0.00, 1.00, 0.00
22: 0.00, 0.00, 1.00, 0.00
23: 1.00, 0.00, 0.00, 0.00
24: 0.00, 0.00, 1.00, 0.00
25: 0.00, 0.00, 1.00, 0.00
26: 0.00, 1.00, 0.00, 0.00
27: 1.00, 0.00, 0.00, 0.00
28: 1.00, 0.00, 0.00, 0.00
29: 1.00, 0.00, 0.00, 0.00
30: 1.00, 0.00, 0.00, 0.00
31: 1.00, 0.00, 0.00, 0.00
32: 1.00, 0.00, 0.00, 0.00
33: 1.00, 0.00, 0.00, 0.00
34: 1.00, 0.00, 0.00, 0.00
35: 1.00, 0.00, 0.00, 0.00
36: 1.00, 0.00, 0.00, 0.00


Total Time: 47.36 seconds.
Average Time: 0.0474 seconds.
Step, Sequence, -log p(y|x), p(y|x)
    1, GCCCCCACCCCAAAAGGGGGGGAGGCAAAAAAAAAA,     0.0495,     0.9517
  801, GCCCCCACCCCGAAAGGGGGGGAGGCAAAAAAAAAA,     0.0376,     0.9631

start
7745.2487
7739.7253
7711.5176
7536.8600
6546.2608
4685.4503
4446.2009
4034.2247
3484.2186
3440.3173
2969.8183
2257.8080
1191.1989
984.9547
984.8029
983.9847
975.8278
886.8500
16.3344
-19.4069
-19.5112
-19.6155
-19.7197
-19.8239
-19.9281
-20.0323
-20.1365
-20.2406
-20.3447
-20.4488
-20.5529
-20.6570
-20.7611
-20.8651
-20.9691
-21.0731
-21.1771
-21.2811
-21.3851
-21.4890
-21.5930
-21.6969
-21.8008
-21.9047
-22.0086
-22.1125
-22.2163
-22.3202
-22.4240
-22.5279
-22.6317
-22.7355
-22.8393
-22.9431
-23.0469
-23.1507
-23.2545
-23.3583
-23.4620
-23.5658
-23.6696
-23.7733
-23.8771
-23.9808
-24.0846
-24.1883
-24.2920
-24.3958
-24.4995
-24.6032
-24.7070
-24.8107
-24.9144
-25.0182
-25.1219
-25.2256
-25.3294
-25.4331
-25.5368
-25.6406
-25.7443
-25.8480
-25.9518
-26.0555
-26.1593
-26.2630
-26.3668
-26.4706
-26.5743
-26.6781
-26.7819
-26.8857
-26.9895
-27.0933
-27.1971
-27.3009
-27.4047
-27.5086
-27.6124
-27.7134
-27.8054
-27.8974
-27.9894
-28.0815
-28.1737
-28.2659
-28.3582
-28.4505
-28.5429
-28.6241
-28.6904
-28.7475
-28.8047
-28.8604
-28.9058
-28.9512
-28.9950
-29.0285
-29.0511
-29.0729
-29.0877
-29.0977
-29.1076
-29.1175
-29.1274
-29.1374
-29.1473
-29.1572
-29.1672
-29.1771
-29.1871
-29.1970
-29.2070
-29.2169
-29.2269
-29.2368
-29.2468
-29.2568
-29.2667
-29.2767
-29.2867
-29.2966
-29.3066
-29.3166
-29.3266
-29.3366
-29.3466
-29.3566
-29.3621
-29.3656
-29.3690
-29.3724
-29.3758
-29.3793
-29.3827
-29.3861
-29.3895
-29.3929
-29.3964
-29.3998
-29.4032
-29.4066
-29.4101
-29.4135
-29.4169
-29.4203
-29.4237
-29.4272
-29.4306
-29.4340
-29.4374
-29.4409
-29.4443
-29.4477
-29.4511
-29.4545
-29.4580
-29.4614
-29.4648
-29.4682
-29.4717
-29.4751
-29.4785
-29.4819
-29.4853
-29.4888
-29.4922
-29.4956
-29.4990
-29.5025
-29.5059
-29.5093
-29.5127
-29.5161
-29.5196
-29.5225
-29.5233
-29.5242
-29.5250
-29.5259
-29.5267
-29.5275
-29.5284
-29.5292
-29.5301
-29.5309
-29.5317
-29.5326
-29.5334
-29.5343
-29.5351
-29.5360
-29.5368
-29.5376
-29.5385
-29.5393
-29.5402
-29.5410
-29.5419
-29.5427
-29.5435
-29.5444
-29.5452
-29.5461
-29.5469
-29.5478
-29.5486
-29.5494
-29.5503
-29.5511
-29.5520
-29.5528
-29.5537
-29.5545
-29.5553
-29.5562
-29.5570
-29.5579
-29.5587
-29.5595
-29.5604
-29.5612
-29.5621
-29.5629
-29.5638
-29.5646
-29.5654
-29.5663
-29.5671
-29.5680
-29.5688
-29.5697
-29.5705
-29.5713
-29.5722
-29.5730
-29.5739
-29.5747
-29.5756
-29.5764
-29.5772
-29.5781
-29.5789
-29.5798
-29.5806
-29.5815
-29.5823
-29.5831
-29.5840
-29.5848
-29.5857
-29.5865
-29.5873
-29.5882
-29.5890
-29.5899
-29.5907
-29.5916
-29.5924
-29.5932
-29.5941
-29.5949
-29.5958
-29.5966
-29.5975
-29.5983
-29.5991
-29.6000
-29.6008
-29.6017
-29.6025
-29.6034
-29.6042
-29.6050
-29.6059
-29.6067
-29.6076
-29.6084
-29.6093
-29.6101
-29.6109
-29.6118
-29.6126
-29.6135
-29.6143
-29.6151
-29.6160
-29.6168
-29.6177
-29.6185
-29.6194
-29.6202
-29.6210
-29.6219
-29.6227
-29.6236
-29.6244
-29.6253
-29.6261
-29.6269
-29.6278
-29.6286
-29.6295
-29.6303
-29.6312
-29.6320
-29.6328
-29.6337
-29.6345
-29.6354
-29.6362
-29.6371
-29.6379
-29.6387
-29.6396
-29.6404
-29.6413
-29.6421
-29.6429
-29.6438
-29.6446
-29.6455
-29.6463
-29.6472
-29.6480
-29.6488
-29.6497
-29.6505
-29.6514
-29.6522
-29.6531
-29.6539
-29.6547
-29.6556
-29.6564
-29.6573
-29.6581
-29.6590
-29.6598
-29.6606
-29.6615
-29.6623
-29.6632
-29.6640
-29.6649
-29.6657
-29.6665
-29.6674
-29.6682
-29.6691
-29.6699
-29.6707
-29.6716
-29.6724
-29.6733
-29.6741
-29.6750
-29.6758
-29.6766
-29.6775
-29.6783
-29.6792
-29.6800
-29.6809
-29.6817
-29.6825
-29.6834
-29.6842
-29.6851
-29.6859
-29.6868
-29.6876
-29.6884
-29.6893
-29.6901
-29.6910
-29.6918
-29.6927
-29.6935
-29.6943
-29.6952
-29.6960
-29.6969
-29.6977
-29.6985
-29.6994
-29.7002
-29.7011
-29.7019
-29.7028
-29.7036
-29.7044
-29.7053
-29.7061
-29.7070
-29.7078
-29.7087
-29.7095
-29.7103
-29.7112
-29.7120
-29.7129
-29.7137
-29.7146
-29.7154
-29.7162
-29.7171
-29.7179
-29.7188
-29.7196
-29.7205
-29.7213
-29.7221
-29.7230
-29.7238
-29.7247
-29.7255
-29.7264
-29.7272
-29.7280
-29.7289
-29.7297
-29.7306
-29.7314
-29.7322
-29.7331
-29.7339
-29.7348
-29.7356
-29.7365
-29.7373
-29.7381
-29.7390
-29.7398
-29.7407
-29.7415
-29.7424
-29.7432
-29.7440
-29.7449
-29.7457
-29.7466
-29.7474
-29.7483
-29.7491
-29.7499
-29.7508
-29.7516
-29.7525
-29.7533
-29.7542
-29.7550
-29.7558
-29.7567
-29.7575
-29.7584
-29.7592
-29.7600
-29.7609
-29.7617
-29.7626
-29.7634
-29.7643
-29.7651
-29.7659
-29.7668
-29.7676
-29.7685
-29.7693
-29.7702
-29.7710
-29.7718
-29.7727
-29.7735
-29.7744
-29.7752
-29.7761
-29.7769
-29.7777
-29.7786
-29.7794
-29.7803
-29.7811
-29.7820
-29.7828
-29.7836
-29.7845
-29.7853
-29.7862
-29.7870
-29.7878
-29.7887
-29.7895
-29.7904
-29.7912
-29.7921
-29.7929
-29.7937
-29.7946
-29.7954
-29.7963
-29.7971
-29.7980
-29.7988
-29.7996
-29.8005
-29.8013
-29.8022
-29.8030
-29.8039
-29.8047
-29.8055
-29.8064
-29.8072
-29.8081
-29.8089
-29.8098
-29.8106
-29.8114
-29.8123
-29.8131
-29.8140
-29.8148
-29.8156
-29.8165
-29.8173
-29.8182
-29.8190
-29.8199
-29.8207
-29.8215
-29.8224
-29.8232
-29.8241
-29.8249
-29.8258
-29.8266
-29.8274
-29.8283
-29.8291
-29.8300
-29.8308
-29.8317
-29.8325
-29.8333
-29.8342
-29.8350
-29.8359
-29.8367
-29.8376
-29.8384
-29.8392
-29.8401
-29.8409
-29.8418
-29.8426
-29.8434
-29.8443
-29.8451
-29.8460
-29.8468
-29.8477
-29.8485
-29.8493
-29.8502
-29.8510
-29.8519
-29.8527
-29.8536
-29.8544
-29.8552
-29.8561
-29.8569
-29.8578
-29.8586
-29.8595
-29.8603
-29.8611
-29.8620
-29.8628
-29.8637
-29.8645
-29.8654
-29.8662
-29.8670
-29.8679
-29.8687
-29.8696
-29.8704
-29.8712
-29.8721
-29.8729
-29.8738
-29.8746
-29.8755
-29.8763
-29.8771
-29.8780
-29.8788
-29.8797
-29.8805
-29.8814
-29.8822
-29.8830
-29.8839
-29.8847
-29.8856
-29.8864
-29.8873
-29.8881
-29.8889
-29.8898
-29.8906
-29.8915
-29.8923
-29.8932
-29.8940
-29.8948
-29.8957
-29.8965
-29.8974
-29.8982
-29.8990
-29.8999
-29.9007
-29.9016
-29.9024
-29.9033
-29.9041
-29.9049
-29.9058
-29.9066
-29.9075
-29.9083
-29.9092
-29.9100
-29.9108
-29.9117
-29.9125
-29.9134
-29.9142
-29.9151
-29.9159
-29.9167
-29.9176
-29.9184
-29.9193
-29.9201
-29.9210
-29.9218
-29.9226
-29.9235
-29.9243
-29.9252
-29.9260
-29.9268
-29.9277
-29.9285
-29.9294
-29.9302
-29.9311
-29.9319
-29.9327
-29.9336
-29.9344
-29.9353
-29.9361
-29.9370
-29.9378
-29.9386
-29.9395
-29.9403
-29.9412
-29.9420
-29.9429
-29.9437
-29.9445
-29.9454
-29.9462
-29.9471
-29.9479
-29.9488
-29.9496
-29.9504
-29.9513
-29.9521
-29.9530
-29.9538
-29.9547
-29.9555
-29.9563
-29.9572
-29.9580
-29.9589
-29.9597
-29.9605
-29.9614
-29.9622
-29.9631
-29.9639
-29.9648
-29.9656
-29.9664
-29.9673
-29.9681
-29.9690
-29.9698
-29.9707
-29.9715
-29.9723
-29.9732
-29.9740
-29.9749
-29.9757
-29.9766
-29.9774
-29.9782
-29.9791
-29.9799
-29.9808
-29.9816
-29.9825
-29.9833
-29.9841
-29.9850
-29.9858
-29.9867
-29.9875
-29.9883
-29.9892
-29.9900
-29.9909
-29.9917
-29.9926
-29.9934
-29.9942
-29.9951
-29.9959
-29.9968
-29.9976
-29.9985
-29.9993
-30.0001
-30.0010
-30.0018
-30.0027
-30.0035
-30.0044
-30.0052
-30.0060
-30.0069
-30.0077
-30.0086
-30.0094
-30.0103
-30.0111
-30.0119
-30.0128
-30.0136
-30.0145
-30.0153
-30.0161
-30.0170
-30.0178
-30.0187
-30.0195
-30.0204
-30.0212
-30.0220
-30.0229
-30.0237
-30.0246
-30.0254
-30.0263
-30.0271
-30.0279
-30.0288
-30.0296
-30.0305
-30.0313
-30.0322
-30.0330
-30.0338
-30.0347
-30.0355
-30.0364
-30.0372
-30.0381
-30.0389
-30.0397
-30.0406
-30.0414
-30.0423
-30.0431
-30.0439
-30.0448
-30.0456
-30.0465
-30.0473
-30.0482
-30.0490
-30.0498
-30.0507
-30.0515
-30.0524
-30.0532
-30.0541
-30.0549
-30.0557
-30.0566
-30.0574
-30.0583
-30.0591
-30.0600
-30.0608
-30.0616
-30.0625
-30.0633
-30.0642
-30.0650
-30.0659
-30.0667
-30.0675
-30.0684
-30.0692
-30.0701
-30.0709
-30.0718
-30.0726
-30.0734
-30.0743
-30.0751
-30.0760
-30.0768
-30.0777
-30.0785
-30.0793
-30.0802
-30.0810
-30.0819
-30.0827
-30.0835
-30.0844
-30.0852
-30.0861
-30.0869
-30.0878
-30.0886
-30.0894
-30.0903
-30.0911
-30.0920
-30.0928
-30.0937
-30.0945
-30.0953
-30.0962
-30.0970
-30.0979
-30.0987
-30.0996
-30.1004
-30.1012
-30.1021
-30.1029
-30.1038
-30.1046
-30.1055
-30.1063
-30.1071
-30.1080
-30.1088
-30.1097
-30.1105
-30.1114
-30.1122
-30.1130
-30.1139
-30.1147
-30.1156
-30.1164
-30.1173
-30.1181
-30.1190
-30.1198
-30.1206
-30.1215
-30.1223
-30.1232
-30.1240
-30.1249
-30.1257
-30.1265
-30.1274
-30.1282
-30.1291
-30.1299
-30.1308
-30.1316
-30.1324
-30.1333
-30.1341
-30.1350
-30.1358
-30.1367
-30.1375
-30.1383
-30.1392
-30.1400
-30.1409
-30.1417
-30.1426
-30.1434
-30.1442
-30.1451
-30.1459
-30.1468
-30.1476
-30.1485
-30.1493
-30.1502
-30.1510
-30.1518
-30.1527
-30.1535
-30.1544
-30.1552
-30.1561
-30.1569
-30.1577
-30.1586
-30.1594
-30.1603
-30.1611
-30.1620
-30.1628
-30.1637
-30.1645
-30.1653
-30.1662
-30.1670
-30.1679
-30.1687
-30.1696
-30.1704
-30.1712
-30.1721
-30.1729
-30.1738
-30.1746
-30.1755
-30.1763
-30.1772
-30.1780
-30.1788
-30.1797
-30.1805
-30.1814
-30.1822
-30.1831
-30.1839
-30.1848
-30.1856
-30.1864
-30.1873
-30.1881
-30.1890
-30.1898
-30.1907
-30.1915
-30.1923
-30.1932
-30.1940
-30.1949
-30.1957
-30.1966
-30.1974
-30.1983
-30.1991
-30.1999
end

