Number of Steps:   1000, Learning Rate: 0.00100
Starting Distribution
1.00, 0.00, 0.00, 0.00
1.00, 0.00, 0.00, 0.00
0.00, 0.49, 0.51, 0.00
0.00, 0.49, 0.51, 0.00
0.00, 0.51, 0.49, 0.00
0.00, 0.51, 0.49, 0.00
0.00, 0.49, 0.51, 0.00
0.00, 0.49, 0.51, 0.00
0.00, 0.51, 0.49, 0.00
0.00, 0.49, 0.51, 0.00
1.00, 0.00, 0.00, 0.00
1.00, 0.00, 0.00, 0.00
1.00, 0.00, 0.00, 0.00
1.00, 0.00, 0.00, 0.00
1.00, 0.00, 0.00, 0.00
0.00, 0.51, 0.49, 0.00
0.00, 0.51, 0.49, 0.00
0.00, 0.49, 0.51, 0.00
0.00, 0.49, 0.51, 0.00
0.00, 0.49, 0.51, 0.00
0.00, 0.51, 0.49, 0.00
0.00, 0.51, 0.49, 0.00
0.00, 0.51, 0.49, 0.00
1.00, 0.00, 0.00, 0.00
1.00, 0.00, 0.00, 0.00
1.00, 0.00, 0.00, 0.00
1.00, 0.00, 0.00, 0.00
1.00, 0.00, 0.00, 0.00
0.00, 0.51, 0.49, 0.00
0.00, 0.51, 0.49, 0.00
0.00, 0.51, 0.49, 0.00
0.00, 0.51, 0.49, 0.00
0.00, 0.49, 0.51, 0.00
0.00, 0.49, 0.51, 0.00
0.00, 0.49, 0.51, 0.00
0.00, 0.51, 0.49, 0.00
1.00, 0.00, 0.00, 0.00
1.00, 0.00, 0.00, 0.00

Final Sequence
..((((((((.....))))((((.....))))))))..
AAGGCCGGGGGAAAACCCCGGCCGAAAAGGCCGGCCAA

free energy of ensemble: -19.20458 kcal/mol, free energy: -16.70000 kcal/mol
log Q(x): 31.1600, deltaG / kT: -27.0963, -log p(y|x):   4.0638
p(y|x) =   0.0172

Final Distribution
 1: 1.00, 0.00, 0.00, 0.00
 2: 1.00, 0.00, 0.00, 0.00
 3: 0.00, 0.00, 1.00, 0.00
 4: 0.00, 0.00, 1.00, 0.00
 5: 0.00, 1.00, 0.00, 0.00
 6: 0.00, 1.00, 0.00, 0.00
 7: 0.00, 0.00, 1.00, 0.00
 8: 0.00, 0.00, 1.00, 0.00
 9: 0.00, 0.00, 1.00, 0.00
10: 0.00, 0.00, 1.00, 0.00
11: 0.00, 0.00, 1.00, 0.00
12: 1.00, 0.00, 0.00, 0.00
13: 1.00, 0.00, 0.00, 0.00
14: 1.00, 0.00, 0.00, 0.00
15: 1.00, 0.00, 0.00, 0.00
16: 0.00, 1.00, 0.00, 0.00
17: 0.00, 1.00, 0.00, 0.00
18: 0.00, 1.00, 0.00, 0.00
19: 0.00, 1.00, 0.00, 0.00
20: 0.00, 0.00, 1.00, 0.00
21: 0.00, 0.00, 1.00, 0.00
22: 0.00, 1.00, 0.00, 0.00
23: 0.00, 1.00, 0.00, 0.00
24: 0.36, 0.00, 0.64, 0.00
25: 1.00, 0.00, 0.00, 0.00
26: 1.00, 0.00, 0.00, 0.00
27: 1.00, 0.00, 0.00, 0.00
28: 1.00, 0.00, 0.00, 0.00
29: 0.00, 0.00, 1.00, 0.00
30: 0.00, 0.00, 1.00, 0.00
31: 0.00, 1.00, 0.00, 0.00
32: 0.00, 1.00, 0.00, 0.00
33: 0.00, 0.00, 1.00, 0.00
34: 0.00, 0.00, 1.00, 0.00
35: 0.00, 1.00, 0.00, 0.00
36: 0.00, 1.00, 0.00, 0.00
37: 1.00, 0.00, 0.00, 0.00
38: 1.00, 0.00, 0.00, 0.00


Total Time: 121.74 seconds.
Average Time: 0.1217 seconds.
Step, Sequence, -log p(y|x), p(y|x)
    0, AAGCCCCCCGAAAAACGGGGCCCAAAAAGGGCGGGCAA,     0.1186,     0.8881
    1, AAGCCCGCGGAAAAACCGCGGGCAAAAAGCCCGGGCAA,     5.3423,     0.0048
   26, AAGGCCGGGGAAAAACCCCGGCCAAAAAGGCCGGCCAA,     5.3476,     0.0048
  476, AAGGCCGGGGGAAAACCCCGGCCAAAAAGGCCGGCCAA,     5.3433,     0.0048
  801, AAGGCCGGGGGAAAACCCCGGCCGAAAAGGCCGGCCAA,     4.0638,     0.0172

start
9751.3803
9741.8490
9681.4888
9239.9604
6604.4488
6002.5608
5986.6932
5869.3767
5099.8165
4499.8840
4461.7745
4145.7593
2323.5602
1950.0128
1494.5552
704.8043
-12.2912
-12.4078
-12.5241
-12.6402
-12.7561
-12.8718
-12.9872
-13.1024
-13.2173
-13.3320
-13.4465
-13.5608
-13.6749
-13.7887
-13.9023
-14.0157
-14.1289
-14.2418
-14.3546
-14.4671
-14.5794
-14.6915
-14.8034
-14.9151
-15.0266
-15.1378
-15.2489
-15.3597
-15.4704
-15.5808
-15.6911
-15.8011
-15.9109
-16.0206
-16.1300
-16.2393
-16.3483
-16.4572
-16.5658
-16.6743
-16.7826
-16.8907
-16.9986
-17.1063
-17.2138
-17.3211
-17.4283
-17.5352
-17.6420
-17.7486
-17.8550
-17.9613
-18.0673
-18.1732
-18.2789
-18.3844
-18.4898
-18.5950
-18.7000
-18.8048
-18.9095
-19.0140
-19.1183
-19.2224
-19.3264
-19.4302
-19.5339
-19.6374
-19.7407
-19.8438
-19.9468
-20.0497
-20.1523
-20.2549
-20.3572
-20.4594
-20.5615
-20.6633
-20.7651
-20.8666
-20.9681
-21.0693
-21.1705
-21.2714
-21.3723
-21.4729
-21.5735
-21.6738
-21.7652
-21.8501
-21.9276
-22.0050
-22.0823
-22.1596
-22.2368
-22.3140
-22.3911
-22.4606
-22.5185
-22.5729
-22.6127
-22.6470
-22.6720
-22.6969
-22.7219
-22.7469
-22.7719
-22.7969
-22.8219
-22.8469
-22.8719
-22.8969
-22.9219
-22.9469
-22.9719
-22.9969
-23.0219
-23.0469
-23.0720
-23.0970
-23.1220
-23.1470
-23.1720
-23.1970
-23.2220
-23.2470
-23.2720
-23.2970
-23.3221
-23.3471
-23.3721
-23.3971
-23.4221
-23.4472
-23.4656
-23.4841
-23.5025
-23.5210
-23.5394
-23.5578
-23.5763
-23.5947
-23.6131
-23.6315
-23.6500
-23.6684
-23.6868
-23.7052
-23.7237
-23.7421
-23.7605
-23.7789
-23.7973
-23.8157
-23.8341
-23.8525
-23.8709
-23.8893
-23.9077
-23.9262
-23.9446
-23.9629
-23.9813
-23.9997
-24.0181
-24.0365
-24.0547
-24.0693
-24.0839
-24.0974
-24.1043
-24.1113
-24.1183
-24.1252
-24.1322
-24.1392
-24.1462
-24.1531
-24.1601
-24.1666
-24.1698
-24.1730
-24.1761
-24.1793
-24.1824
-24.1856
-24.1887
-24.1919
-24.1950
-24.1982
-24.2013
-24.2045
-24.2076
-24.2108
-24.2139
-24.2171
-24.2202
-24.2234
-24.2265
-24.2297
-24.2328
-24.2359
-24.2391
-24.2422
-24.2454
-24.2485
-24.2516
-24.2548
-24.2579
-24.2611
-24.2642
-24.2673
-24.2705
-24.2736
-24.2767
-24.2799
-24.2830
-24.2861
-24.2893
-24.2924
-24.2955
-24.2987
-24.3018
-24.3049
-24.3080
-24.3112
-24.3143
-24.3174
-24.3206
-24.3237
-24.3268
-24.3300
-24.3331
-24.3362
-24.3393
-24.3425
-24.3456
-24.3487
-24.3519
-24.3550
-24.3581
-24.3612
-24.3644
-24.3675
-24.3706
-24.3738
-24.3769
-24.3800
-24.3831
-24.3863
-24.3894
-24.3925
-24.3957
-24.3988
-24.4019
-24.4051
-24.4082
-24.4113
-24.4145
-24.4176
-24.4207
-24.4238
-24.4270
-24.4301
-24.4332
-24.4364
-24.4395
-24.4427
-24.4458
-24.4489
-24.4521
-24.4552
-24.4583
-24.4615
-24.4646
-24.4678
-24.4709
-24.4740
-24.4772
-24.4803
-24.4835
-24.4866
-24.4897
-24.4929
-24.4960
-24.4992
-24.5023
-24.5055
-24.5086
-24.5118
-24.5149
-24.5181
-24.5212
-24.5244
-24.5275
-24.5307
-24.5339
-24.5370
-24.5402
-24.5433
-24.5465
-24.5497
-24.5528
-24.5560
-24.5591
-24.5623
-24.5655
-24.5686
-24.5718
-24.5750
-24.5782
-24.5813
-24.5845
-24.5877
-24.5909
-24.5940
-24.5972
-24.6004
-24.6036
-24.6068
-24.6100
-24.6131
-24.6163
-24.6195
-24.6227
-24.6259
-24.6291
-24.6323
-24.6355
-24.6387
-24.6419
-24.6451
-24.6483
-24.6515
-24.6547
-24.6579
-24.6611
-24.6643
-24.6675
-24.6708
-24.6740
-24.6772
-24.6804
-24.6836
-24.6869
-24.6901
-24.6933
-24.6965
-24.6998
-24.7030
-24.7062
-24.7095
-24.7127
-24.7160
-24.7192
-24.7225
-24.7257
-24.7290
-24.7322
-24.7355
-24.7387
-24.7420
-24.7452
-24.7485
-24.7518
-24.7550
-24.7583
-24.7616
-24.7648
-24.7681
-24.7714
-24.7747
-24.7780
-24.7812
-24.7845
-24.7878
-24.7911
-24.7944
-24.7977
-24.8010
-24.8043
-24.8076
-24.8109
-24.8142
-24.8175
-24.8209
-24.8242
-24.8275
-24.8308
-24.8341
-24.8375
-24.8408
-24.8441
-24.8475
-24.8508
-24.8542
-24.8575
-24.8609
-24.8642
-24.8676
-24.8709
-24.8743
-24.8776
-24.8810
-24.8844
-24.8877
-24.8911
-24.8945
-24.8979
-24.9013
-24.9046
-24.9080
-24.9114
-24.9148
-24.9182
-24.9216
-24.9250
-24.9284
-24.9318
-24.9353
-24.9387
-24.9421
-24.9455
-24.9489
-24.9524
-24.9558
-24.9593
-24.9627
-24.9661
-24.9696
-24.9730
-24.9765
-24.9799
-24.9834
-24.9869
-24.9903
-24.9938
-24.9973
-25.0008
-25.0043
-25.0077
-25.0112
-25.0147
-25.0182
-25.0217
-25.0252
-25.0287
-25.0323
-25.0358
-25.0393
-25.0428
-25.0464
-25.0499
-25.0534
-25.0570
-25.0605
-25.0641
-25.0676
-25.0712
-25.0747
-25.0783
-25.0819
-25.0854
-25.0890
-25.0926
-25.0962
-25.0998
-25.1034
-25.1070
-25.1106
-25.1141
-25.1174
-25.1208
-25.1242
-25.1275
-25.1309
-25.1343
-25.1376
-25.1410
-25.1444
-25.1477
-25.1511
-25.1545
-25.1578
-25.1612
-25.1646
-25.1680
-25.1713
-25.1747
-25.1781
-25.1814
-25.1848
-25.1882
-25.1915
-25.1949
-25.1983
-25.2017
-25.2050
-25.2084
-25.2118
-25.2152
-25.2185
-25.2219
-25.2253
-25.2286
-25.2320
-25.2354
-25.2388
-25.2421
-25.2455
-25.2489
-25.2523
-25.2556
-25.2590
-25.2624
-25.2658
-25.2692
-25.2725
-25.2759
-25.2793
-25.2827
-25.2860
-25.2894
-25.2928
-25.2962
-25.2996
-25.3029
-25.3063
-25.3097
-25.3131
-25.3165
-25.3198
-25.3232
-25.3266
-25.3300
-25.3334
-25.3367
-25.3401
-25.3435
-25.3469
-25.3503
-25.3537
-25.3570
-25.3604
-25.3638
-25.3672
-25.3706
-25.3740
-25.3774
-25.3807
-25.3841
-25.3875
-25.3909
-25.3943
-25.3977
-25.4011
-25.4045
-25.4079
-25.4112
-25.4146
-25.4180
-25.4214
-25.4248
-25.4282
-25.4316
-25.4350
-25.4384
-25.4418
-25.4452
-25.4485
-25.4519
-25.4553
-25.4587
-25.4621
-25.4655
-25.4689
-25.4723
-25.4757
-25.4791
-25.4825
-25.4859
-25.4893
-25.4927
-25.4961
-25.4995
-25.5029
-25.5063
-25.5097
-25.5131
-25.5165
-25.5199
-25.5233
-25.5267
-25.5301
-25.5335
-25.5369
-25.5403
-25.5437
-25.5471
-25.5505
-25.5539
-25.5573
-25.5607
-25.5641
-25.5675
-25.5709
-25.5743
-25.5778
-25.5812
-25.5846
-25.5880
-25.5914
-25.5948
-25.5982
-25.6016
-25.6050
-25.6084
-25.6118
-25.6153
-25.6187
-25.6221
-25.6255
-25.6289
-25.6323
-25.6357
-25.6392
-25.6426
-25.6460
-25.6494
-25.6528
-25.6562
-25.6597
-25.6631
-25.6665
-25.6699
-25.6733
-25.6768
-25.6802
-25.6836
-25.6870
-25.6904
-25.6939
-25.6973
-25.7007
-25.7041
-25.7076
-25.7110
-25.7144
-25.7178
-25.7213
-25.7247
-25.7281
-25.7315
-25.7350
-25.7384
-25.7418
-25.7453
-25.7487
-25.7521
-25.7555
-25.7590
-25.7624
-25.7658
-25.7693
-25.7727
-25.7761
-25.7796
-25.7830
-25.7864
-25.7899
-25.7933
-25.7968
-25.8002
-25.8036
-25.8071
-25.8105
-25.8139
-25.8174
-25.8208
-25.8243
-25.8277
-25.8312
-25.8346
-25.8380
-25.8415
-25.8449
-25.8484
-25.8518
-25.8553
-25.8587
-25.8622
-25.8656
-25.8691
-25.8725
-25.8760
-25.8794
-25.8829
-25.8863
-25.8898
-25.8932
-25.8967
-25.9001
-25.9036
-25.9070
-25.9105
-25.9139
-25.9174
-25.9209
-25.9243
-25.9278
-25.9312
-25.9347
-25.9381
-25.9416
-25.9451
-25.9485
-25.9520
-25.9555
-25.9589
-25.9624
-25.9658
-25.9693
-25.9728
-25.9762
-25.9797
-25.9832
-25.9866
-25.9901
-25.9936
-25.9971
-26.0005
-26.0040
-26.0075
-26.0109
-26.0144
-26.0179
-26.0214
-26.0248
-26.0283
-26.0318
-26.0353
-26.0387
-26.0422
-26.0457
-26.0492
-26.0527
-26.0561
-26.0596
-26.0631
-26.0666
-26.0701
-26.0736
-26.0770
-26.0805
-26.0840
-26.0875
-26.0910
-26.0944
-26.0978
-26.1013
-26.1047
-26.1081
-26.1115
-26.1150
-26.1184
-26.1218
-26.1252
-26.1286
-26.1321
-26.1355
-26.1389
-26.1423
-26.1458
-26.1492
-26.1526
-26.1560
-26.1594
-26.1629
-26.1663
-26.1697
-26.1731
-26.1766
-26.1800
-26.1834
-26.1868
-26.1903
-26.1937
-26.1971
-26.2005
-26.2039
-26.2074
-26.2108
-26.2142
-26.2176
-26.2211
-26.2245
-26.2279
-26.2313
-26.2347
-26.2382
-26.2416
-26.2450
-26.2484
-26.2519
-26.2553
-26.2587
-26.2621
-26.2655
-26.2690
-26.2724
-26.2758
-26.2792
-26.2827
-26.2861
-26.2895
-26.2929
-26.2963
-26.2998
-26.3032
-26.3066
-26.3100
-26.3135
-26.3169
-26.3203
-26.3237
-26.3271
-26.3306
-26.3340
-26.3374
-26.3408
-26.3443
-26.3477
-26.3511
-26.3545
-26.3580
-26.3614
-26.3648
-26.3682
-26.3716
-26.3751
-26.3785
-26.3819
-26.3853
-26.3888
-26.3922
-26.3956
-26.3990
-26.4024
-26.4059
-26.4093
-26.4127
-26.4161
-26.4196
-26.4230
-26.4264
-26.4298
-26.4333
-26.4367
-26.4401
-26.4435
-26.4469
-26.4504
-26.4538
-26.4572
-26.4606
-26.4641
-26.4675
-26.4709
-26.4743
-26.4777
-26.4812
-26.4846
-26.4880
-26.4914
-26.4949
-26.4983
-26.5017
-26.5051
-26.5086
-26.5120
-26.5154
-26.5188
-26.5222
-26.5257
-26.5291
-26.5325
-26.5359
-26.5394
-26.5428
-26.5462
-26.5496
-26.5525
-26.5534
-26.5542
-26.5551
-26.5559
-26.5568
-26.5576
-26.5585
-26.5593
-26.5601
-26.5610
-26.5618
-26.5627
-26.5635
-26.5644
-26.5652
-26.5660
-26.5669
-26.5677
-26.5686
-26.5694
-26.5703
-26.5711
-26.5719
-26.5728
-26.5736
-26.5745
-26.5753
-26.5762
-26.5770
-26.5778
-26.5787
-26.5795
-26.5804
-26.5812
-26.5821
-26.5829
-26.5838
-26.5846
-26.5854
-26.5863
-26.5871
-26.5880
-26.5888
-26.5897
-26.5905
-26.5913
-26.5922
-26.5930
-26.5939
-26.5947
-26.5956
-26.5964
-26.5973
-26.5981
-26.5989
-26.5998
-26.6006
-26.6015
-26.6023
-26.6032
-26.6040
-26.6048
-26.6057
-26.6065
-26.6074
-26.6082
-26.6091
-26.6099
-26.6108
-26.6116
-26.6124
-26.6133
-26.6141
-26.6150
-26.6158
-26.6167
-26.6175
-26.6184
-26.6192
-26.6200
-26.6209
-26.6217
-26.6226
-26.6234
-26.6243
-26.6251
-26.6260
-26.6268
-26.6276
-26.6285
-26.6293
-26.6302
end

