Number of Steps:   1000, Learning Rate: 0.00100
Starting Distribution
1.00, 0.00, 0.00, 0.00
0.00, 0.49, 0.51, 0.00
0.00, 0.49, 0.51, 0.00
1.00, 0.00, 0.00, 0.00
0.00, 0.49, 0.51, 0.00
0.00, 0.49, 0.51, 0.00
1.00, 0.00, 0.00, 0.00
0.00, 0.49, 0.51, 0.00
0.00, 0.51, 0.49, 0.00
1.00, 0.00, 0.00, 0.00
1.00, 0.00, 0.00, 0.00
0.00, 0.51, 0.49, 0.00
0.00, 0.49, 0.51, 0.00
1.00, 0.00, 0.00, 0.00
0.00, 0.49, 0.51, 0.00
1.00, 0.00, 0.00, 0.00
1.00, 0.00, 0.00, 0.00
1.00, 0.00, 0.00, 0.00
0.00, 0.51, 0.49, 0.00
1.00, 0.00, 0.00, 0.00
0.00, 0.49, 0.51, 0.00
0.00, 0.49, 0.51, 0.00
1.00, 0.00, 0.00, 0.00
0.00, 0.51, 0.49, 0.00
0.00, 0.49, 0.51, 0.00
1.00, 0.00, 0.00, 0.00
1.00, 0.00, 0.00, 0.00
0.00, 0.51, 0.49, 0.00
0.00, 0.49, 0.51, 0.00
1.00, 0.00, 0.00, 0.00
1.00, 0.00, 0.00, 0.00
1.00, 0.00, 0.00, 0.00
1.00, 0.00, 0.00, 0.00
0.00, 0.49, 0.51, 0.00
0.00, 0.49, 0.51, 0.00
1.00, 0.00, 0.00, 0.00

Final Sequence
.((.((.((..((.(...).)).))..))....)).
AGCGGGGGCAACCGGAAACGGGGGCAACCAAAAGCA

free energy of ensemble: -11.87521 kcal/mol, free energy: -7.40000 kcal/mol
log Q(x): 19.2679, deltaG / kT: -12.0067, -log p(y|x):   7.2612
p(y|x) =   0.0007

Final Distribution
 1: 1.00, 0.00, 0.00, 0.00
 2: 0.00, 0.00, 1.00, 0.00
 3: 0.00, 1.00, 0.00, 0.00
 4: 0.00, 0.00, 1.00, 0.00
 5: 0.00, 0.00, 1.00, 0.00
 6: 0.00, 0.00, 1.00, 0.00
 7: 0.00, 0.00, 1.00, 0.00
 8: 0.00, 0.00, 1.00, 0.00
 9: 0.00, 1.00, 0.00, 0.00
10: 0.58, 0.00, 0.42, 0.00
11: 0.74, 0.00, 0.26, 0.00
12: 0.00, 1.00, 0.00, 0.00
13: 0.00, 1.00, 0.00, 0.00
14: 0.18, 0.00, 0.82, 0.00
15: 0.00, 0.00, 1.00, 0.00
16: 1.00, 0.00, 0.00, 0.00
17: 1.00, 0.00, 0.00, 0.00
18: 1.00, 0.00, 0.00, 0.00
19: 0.00, 1.00, 0.00, 0.00
20: 0.18, 0.00, 0.82, 0.00
21: 0.00, 0.00, 1.00, 0.00
22: 0.00, 0.00, 1.00, 0.00
23: 0.00, 0.00, 1.00, 0.00
24: 0.00, 0.00, 1.00, 0.00
25: 0.00, 1.00, 0.00, 0.00
26: 0.58, 0.00, 0.42, 0.00
27: 0.74, 0.00, 0.26, 0.00
28: 0.00, 1.00, 0.00, 0.00
29: 0.00, 1.00, 0.00, 0.00
30: 0.58, 0.00, 0.42, 0.00
31: 1.00, 0.00, 0.00, 0.00
32: 1.00, 0.00, 0.00, 0.00
33: 0.74, 0.00, 0.26, 0.00
34: 0.00, 0.00, 1.00, 0.00
35: 0.00, 1.00, 0.00, 0.00
36: 1.00, 0.00, 0.00, 0.00


Total Time: 64.18 seconds.
Average Time: 0.0642 seconds.
Step, Sequence, -log p(y|x), p(y|x)
    1, AGCAGGAGCAACCAGAAACAGGAGCAACCAAAAGCA,     4.4087,     0.0122
  401, AGCGGGGGCAACCAGAAACAGGGGCAACCAAAAGCA,     3.5945,     0.0275
  476, AGCGGGGGCAACCGGAAACGGGGGCAACCAAAAGCA,     7.2612,     0.0007

start
7003.2068
6999.0160
6978.3591
6844.2256
6078.1790
5421.9178
5245.9151
5152.0363
4274.5606
1984.5218
6.8574
6.7760
6.6946
6.6135
6.5325
6.4518
6.3711
6.2907
6.2104
6.1303
6.0504
5.9706
5.8910
5.8116
5.7323
5.6532
5.5742
5.4955
5.4168
5.3384
5.2601
5.1820
5.1040
5.0262
4.9486
4.8711
4.7937
4.7166
4.6395
4.5627
4.4860
4.4094
4.3330
4.2568
4.1807
4.1048
4.0290
3.9533
3.8779
3.8025
3.7273
3.6523
3.5774
3.5027
3.4281
3.3536
3.2793
3.2051
3.1311
3.0573
2.9835
2.9099
2.8365
2.7632
2.6900
2.6170
2.5441
2.4714
2.3988
2.3263
2.2540
2.1818
2.1097
2.0378
1.9660
1.8944
1.8228
1.7515
1.6802
1.6091
1.5381
1.4672
1.3965
1.3259
1.2554
1.1851
1.1149
1.0448
0.9749
0.9050
0.8353
0.7657
0.6963
0.6270
0.5578
0.4887
0.4197
0.3509
0.2822
0.2136
0.1451
0.0768
0.0086
-0.0595
-0.1275
-0.1954
-0.2631
-0.3308
-0.3983
-0.4657
-0.5330
-0.6001
-0.6672
-0.7341
-0.8009
-0.8677
-0.9342
-1.0007
-1.0671
-1.1334
-1.1995
-1.2655
-1.3315
-1.3973
-1.4630
-1.5286
-1.5940
-1.6594
-1.7247
-1.7790
-1.8277
-1.8764
-1.9249
-1.9734
-2.0217
-2.0699
-2.1180
-2.1660
-2.2138
-2.2616
-2.3092
-2.3568
-2.4042
-2.4515
-2.4987
-2.5458
-2.5928
-2.6397
-2.6864
-2.7331
-2.7797
-2.8261
-2.8725
-2.9187
-2.9648
-3.0109
-3.0568
-3.1026
-3.1483
-3.1940
-3.2395
-3.2849
-3.3302
-3.3754
-3.4205
-3.4655
-3.5043
-3.5419
-3.5796
-3.6172
-3.6543
-3.6884
-3.7225
-3.7528
-3.7782
-3.8027
-3.8272
-3.8516
-3.8760
-3.9003
-3.9246
-3.9489
-3.9731
-3.9973
-4.0215
-4.0456
-4.0697
-4.0937
-4.1177
-4.1417
-4.1656
-4.1895
-4.2134
-4.2347
-4.2559
-4.2771
-4.2982
-4.3193
-4.3404
-4.3614
-4.3824
-4.4034
-4.4243
-4.4452
-4.4660
-4.4868
-4.5076
-4.5283
-4.5490
-4.5697
-4.5903
-4.6109
-4.6315
-4.6520
-4.6725
-4.6930
-4.7134
-4.7338
-4.7542
-4.7745
-4.7948
-4.8150
-4.8352
-4.8554
-4.8756
-4.8957
-4.9158
-4.9358
-4.9558
-4.9758
-4.9957
-5.0157
-5.0355
-5.0554
-5.0752
-5.0950
-5.1147
-5.1344
-5.1541
-5.1738
-5.1934
-5.2130
-5.2325
-5.2520
-5.2715
-5.2910
-5.3104
-5.3298
-5.3491
-5.3684
-5.3877
-5.4070
-5.4262
-5.4454
-5.4646
-5.4837
-5.5015
-5.5186
-5.5358
-5.5529
-5.5700
-5.5870
-5.6040
-5.6210
-5.6380
-5.6549
-5.6718
-5.6886
-5.7055
-5.7223
-5.7390
-5.7558
-5.7725
-5.7891
-5.8058
-5.8224
-5.8390
-5.8555
-5.8721
-5.8885
-5.9050
-5.9214
-5.9378
-5.9542
-5.9706
-5.9869
-6.0032
-6.0194
-6.0356
-6.0518
-6.0680
-6.0842
-6.1003
-6.1163
-6.1324
-6.1484
-6.1644
-6.1804
-6.1963
-6.2122
-6.2281
-6.2439
-6.2598
-6.2756
-6.2913
-6.3071
-6.3228
-6.3384
-6.3541
-6.3697
-6.3853
-6.4009
-6.4164
-6.4319
-6.4474
-6.4629
-6.4783
-6.4937
-6.5091
-6.5244
-6.5397
-6.5550
-6.5703
-6.5855
-6.6007
-6.6159
-6.6311
-6.6462
-6.6613
-6.6764
-6.6915
-6.7065
-6.7215
-6.7364
-6.7514
-6.7663
-6.7812
-6.7961
-6.8109
-6.8257
-6.8405
-6.8553
-6.8700
-6.8847
-6.8994
-6.9140
-6.9287
-6.9433
-6.9579
-6.9724
-6.9869
-7.0014
-7.0159
-7.0304
-7.0448
-7.0592
-7.0736
-7.0879
-7.1023
-7.1166
-7.1308
-7.1451
-7.1593
-7.1735
-7.1877
-7.2019
-7.2160
-7.2301
-7.2442
-7.2582
-7.2723
-7.2863
-7.3003
-7.3142
-7.3282
-7.3421
-7.3560
-7.3698
-7.3837
-7.3975
-7.4113
-7.4251
-7.4388
-7.4525
-7.4662
-7.4799
-7.4936
-7.5072
-7.5208
-7.5344
-7.5479
-7.5615
-7.5750
-7.5885
-7.6019
-7.6154
-7.6288
-7.6422
-7.6556
-7.6689
-7.6823
-7.6956
-7.7089
-7.7221
-7.7354
-7.7486
-7.7618
-7.7750
-7.7881
-7.8013
-7.8144
-7.8274
-7.8405
-7.8536
-7.8666
-7.8796
-7.8926
-7.9055
-7.9184
-7.9314
-7.9443
-7.9571
-7.9700
-7.9828
-7.9956
-8.0084
-8.0212
-8.0339
-8.0466
-8.0593
-8.0720
-8.0847
-8.0973
-8.1099
-8.1225
-8.1351
-8.1477
-8.1602
-8.1727
-8.1852
-8.1977
-8.2101
-8.2226
-8.2350
-8.2474
-8.2597
-8.2721
-8.2844
-8.2967
-8.3090
-8.3213
-8.3335
-8.3458
-8.3580
-8.3702
-8.3824
-8.3945
-8.4066
-8.4188
-8.4309
-8.4429
-8.4550
-8.4670
-8.4790
-8.4910
-8.5030
-8.5150
-8.5269
-8.5388
-8.5507
-8.5626
-8.5745
-8.5863
-8.5982
-8.6100
-8.6218
-8.6335
-8.6453
-8.6570
-8.6687
-8.6804
-8.6921
-8.7038
-8.7154
-8.7270
-8.7387
-8.7502
-8.7618
-8.7734
-8.7849
-8.7964
-8.8079
-8.8194
-8.8308
-8.8423
-8.8537
-8.8651
-8.8765
-8.8879
-8.8992
-8.9106
-8.9219
-8.9332
-8.9445
-8.9558
-8.9670
-8.9782
-8.9895
-9.0007
-9.0118
-9.0230
-9.0342
-9.0453
-9.0564
-9.0675
-9.0786
-9.0896
-9.1007
-9.1117
-9.1227
-9.1337
-9.1447
-9.1557
-9.1666
-9.1776
-9.1885
-9.1994
-9.2103
-9.2211
-9.2320
-9.2428
-9.2536
-9.2644
-9.2752
-9.2860
-9.2967
-9.3075
-9.3182
-9.3289
-9.3396
-9.3503
-9.3609
-9.3716
-9.3822
-9.3928
-9.4034
-9.4140
-9.4245
-9.4351
-9.4456
-9.4561
-9.4666
-9.4771
-9.4876
-9.4981
-9.5085
-9.5189
-9.5293
-9.5397
-9.5501
-9.5605
-9.5708
-9.5812
-9.5915
-9.6018
-9.6121
-9.6224
-9.6327
-9.6429
-9.6531
-9.6634
-9.6736
-9.6838
-9.6939
-9.7041
-9.7143
-9.7244
-9.7345
-9.7446
-9.7547
-9.7648
-9.7749
-9.7849
-9.7949
-9.8050
-9.8150
-9.8250
-9.8350
-9.8449
-9.8549
-9.8648
-9.8747
-9.8847
-9.8946
-9.9044
-9.9143
-9.9242
-9.9340
-9.9438
-9.9537
-9.9635
-9.9733
-9.9830
-9.9928
-10.0026
-10.0123
-10.0220
-10.0317
-10.0414
-10.0511
-10.0608
-10.0705
-10.0801
-10.0897
-10.0994
-10.1090
-10.1186
-10.1282
-10.1377
-10.1473
-10.1568
-10.1664
-10.1759
-10.1854
-10.1949
-10.2044
-10.2139
-10.2233
-10.2328
-10.2422
-10.2516
-10.2611
-10.2705
-10.2798
-10.2892
-10.2986
-10.3079
-10.3173
-10.3266
-10.3359
-10.3452
-10.3545
-10.3638
-10.3731
-10.3823
-10.3916
-10.4008
-10.4100
-10.4193
-10.4285
-10.4376
-10.4468
-10.4560
-10.4651
-10.4743
-10.4834
-10.4925
-10.5017
-10.5108
-10.5198
-10.5289
-10.5380
-10.5470
-10.5561
-10.5651
-10.5741
-10.5831
-10.5922
-10.6011
-10.6101
-10.6191
-10.6280
-10.6370
-10.6459
-10.6549
-10.6638
-10.6727
-10.6816
-10.6905
-10.6993
-10.7082
-10.7170
-10.7259
-10.7347
-10.7435
-10.7524
-10.7612
-10.7700
-10.7787
-10.7875
-10.7963
-10.8050
-10.8138
-10.8225
-10.8312
-10.8399
-10.8486
-10.8573
-10.8660
-10.8747
-10.8833
-10.8920
-10.9006
-10.9093
-10.9179
-10.9265
-10.9351
-10.9437
-10.9523
-10.9609
-10.9695
-10.9780
-10.9866
-10.9951
-11.0036
-11.0122
-11.0207
-11.0292
-11.0377
-11.0462
-11.0546
-11.0631
-11.0716
-11.0800
-11.0885
-11.0969
-11.1053
-11.1137
-11.1221
-11.1305
-11.1389
-11.1473
-11.1557
-11.1640
-11.1724
-11.1807
-11.1891
-11.1974
-11.2057
-11.2140
-11.2223
-11.2306
-11.2389
-11.2472
-11.2555
-11.2637
-11.2720
-11.2802
-11.2885
-11.2967
-11.3049
-11.3131
-11.3214
-11.3296
-11.3377
-11.3459
-11.3541
-11.3623
-11.3704
-11.3786
-11.3867
-11.3949
-11.4030
-11.4111
-11.4192
-11.4273
-11.4354
-11.4435
-11.4516
-11.4597
-11.4677
-11.4758
-11.4839
-11.4919
-11.4999
-11.5080
-11.5160
-11.5240
-11.5320
-11.5400
-11.5480
-11.5560
-11.5640
-11.5720
-11.5799
-11.5879
-11.5958
-11.6038
-11.6117
-11.6197
-11.6276
-11.6355
-11.6434
-11.6513
-11.6592
-11.6671
-11.6750
-11.6829
-11.6908
-11.6986
-11.7065
-11.7143
-11.7222
-11.7300
-11.7379
-11.7457
-11.7535
-11.7613
-11.7691
-11.7769
-11.7847
-11.7925
-11.8003
-11.8081
-11.8159
-11.8236
-11.8314
-11.8391
-11.8469
-11.8546
-11.8624
-11.8701
-11.8778
-11.8855
-11.8933
-11.9010
-11.9087
-11.9164
-11.9241
-11.9317
-11.9394
-11.9471
-11.9548
-11.9624
-11.9701
-11.9777
-11.9854
-11.9930
-12.0007
-12.0083
-12.0159
-12.0235
-12.0311
-12.0387
-12.0463
-12.0539
-12.0589
-12.0612
-12.0624
-12.0635
-12.0646
-12.0657
-12.0668
-12.0679
-12.0690
-12.0701
-12.0712
-12.0723
-12.0734
-12.0745
-12.0755
-12.0766
-12.0777
-12.0788
-12.0799
-12.0809
-12.0820
-12.0831
-12.0841
-12.0852
-12.0863
-12.0873
-12.0884
-12.0894
-12.0905
-12.0915
-12.0926
-12.0936
-12.0947
-12.0957
-12.0968
-12.0978
-12.0988
-12.0999
-12.1009
-12.1019
-12.1029
-12.1040
-12.1050
-12.1060
-12.1070
-12.1080
-12.1090
-12.1101
-12.1111
-12.1121
-12.1131
-12.1141
-12.1151
-12.1161
-12.1171
-12.1181
-12.1190
-12.1200
-12.1210
-12.1220
-12.1230
-12.1240
-12.1249
-12.1259
-12.1269
-12.1279
-12.1288
-12.1298
-12.1307
-12.1317
-12.1327
-12.1336
-12.1346
-12.1355
-12.1365
-12.1374
-12.1384
-12.1393
-12.1403
-12.1412
-12.1422
-12.1431
-12.1440
-12.1450
-12.1459
-12.1468
-12.1477
-12.1487
-12.1496
-12.1505
-12.1514
-12.1524
-12.1533
-12.1542
-12.1551
-12.1560
-12.1569
-12.1578
-12.1587
-12.1596
-12.1605
-12.1614
-12.1623
-12.1632
-12.1641
-12.1650
-12.1659
-12.1668
-12.1677
-12.1685
-12.1694
-12.1703
-12.1712
-12.1720
-12.1729
-12.1738
-12.1747
-12.1755
-12.1764
-12.1773
-12.1781
-12.1790
-12.1798
-12.1807
-12.1816
-12.1824
-12.1833
-12.1841
-12.1850
-12.1858
-12.1866
-12.1875
-12.1883
-12.1892
-12.1900
-12.1908
-12.1917
-12.1925
-12.1933
-12.1942
-12.1950
-12.1958
-12.1966
-12.1975
-12.1983
-12.1991
-12.1999
-12.2007
-12.2015
-12.2023
-12.2032
-12.2040
-12.2048
-12.2056
end

