Number of Steps:   1000, Learning Rate: 0.00100
Starting Distribution
0.25, 0.25, 0.25, 0.25
0.25, 0.25, 0.25, 0.25
0.00, 0.51, 0.49, 0.00
0.00, 0.49, 0.51, 0.00
0.00, 0.49, 0.51, 0.00
0.00, 0.49, 0.51, 0.00
0.00, 0.49, 0.51, 0.00
0.00, 0.51, 0.49, 0.00
0.00, 0.51, 0.49, 0.00
0.00, 0.51, 0.49, 0.00
0.25, 0.25, 0.25, 0.25
0.25, 0.25, 0.25, 0.25
0.25, 0.25, 0.25, 0.25
0.25, 0.25, 0.25, 0.25
0.25, 0.25, 0.25, 0.25
0.00, 0.49, 0.51, 0.00
0.00, 0.49, 0.51, 0.00
0.25, 0.25, 0.25, 0.25
0.00, 0.49, 0.51, 0.00
0.00, 0.51, 0.49, 0.00
0.00, 0.49, 0.51, 0.00
0.00, 0.51, 0.49, 0.00
0.00, 0.49, 0.51, 0.00
0.00, 0.49, 0.51, 0.00
0.25, 0.25, 0.25, 0.25
0.25, 0.25, 0.25, 0.25

Final Sequence
..((((((((.....)).))))))..
AACCGGGCCCGAAAGGGAGCCCGGAA

free energy of ensemble: -15.23502 kcal/mol, free energy: -15.20000 kcal/mol
log Q(x): 24.7193, deltaG / kT: -24.6625, -log p(y|x):   0.0568
p(y|x) =   0.9448

Final Distribution
 1: 0.25, 0.25, 0.25, 0.25
 2: 0.25, 0.25, 0.25, 0.25
 3: 0.00, 1.00, 0.00, 0.00
 4: 0.00, 1.00, 0.00, 0.00
 5: 0.00, 0.00, 1.00, 0.00
 6: 0.00, 0.00, 1.00, 0.00
 7: 0.00, 0.00, 1.00, 0.00
 8: 0.00, 1.00, 0.00, 0.00
 9: 0.00, 1.00, 0.00, 0.00
10: 0.00, 1.00, 0.00, 0.00
11: 0.00, 0.00, 1.00, 0.00
12: 0.25, 0.25, 0.25, 0.25
13: 0.25, 0.25, 0.25, 0.25
14: 0.25, 0.25, 0.25, 0.25
15: 0.46, 0.00, 0.54, 0.00
16: 0.00, 0.00, 1.00, 0.00
17: 0.00, 0.00, 1.00, 0.00
18: 0.25, 0.25, 0.25, 0.25
19: 0.00, 0.00, 1.00, 0.00
20: 0.00, 1.00, 0.00, 0.00
21: 0.00, 1.00, 0.00, 0.00
22: 0.00, 1.00, 0.00, 0.00
23: 0.00, 0.00, 1.00, 0.00
24: 0.00, 0.00, 1.00, 0.00
25: 0.25, 0.25, 0.25, 0.25
26: 0.25, 0.25, 0.25, 0.25


Total Time: 12.56 seconds.
Average Time: 0.0126 seconds.
Step, Sequence, -log p(y|x), p(y|x)
    0, AACCGCGCCCAAAAAGGAGCGCGGAA,     0.0120,     0.9880
    1, AACGGGGCCCGAAAAGGAGCCCCGAA,     0.0265,     0.9738
   26, AACCGGGCCCGAAAGGGAGCCCGGAA,     0.0568,     0.9448

start
6245.2381
6238.1887
6196.1321
5917.6650
4286.8732
2140.2877
1992.0524
1991.5987
1987.0942
1937.9581
1397.3182
72.5752
-15.2370
-15.3162
-15.3954
-15.4745
-15.5534
-15.6322
-15.7110
-15.7896
-15.8681
-15.9464
-16.0247
-16.1029
-16.1809
-16.2589
-16.3367
-16.4144
-16.4920
-16.5695
-16.6470
-16.7243
-16.8014
-16.8785
-16.9555
-17.0324
-17.1092
-17.1859
-17.2624
-17.3389
-17.4153
-17.4915
-17.5677
-17.6438
-17.7197
-17.7956
-17.8714
-17.9471
-18.0227
-18.0981
-18.1735
-18.2488
-18.3240
-18.3991
-18.4741
-18.5490
-18.6239
-18.6986
-18.7732
-18.8478
-18.9222
-18.9966
-19.0709
-19.1451
-19.2192
-19.2932
-19.3671
-19.4409
-19.5147
-19.5883
-19.6619
-19.7354
-19.8088
-19.8821
-19.9554
-20.0285
-20.1016
-20.1745
-20.2474
-20.3203
-20.3930
-20.4656
-20.5382
-20.6107
-20.6831
-20.7555
-20.8277
-20.8999
-20.9720
-21.0440
-21.1159
-21.1878
-21.2596
-21.3313
-21.4029
-21.4745
-21.5460
-21.6174
-21.6887
-21.7600
-21.8312
-21.9023
-21.9733
-22.0443
-22.1083
-22.1695
-22.2296
-22.2710
-22.3109
-22.3508
-22.3907
-22.4305
-22.4704
-22.5100
-22.5381
-22.5662
-22.5943
-22.6224
-22.6505
-22.6786
-22.7066
-22.7347
-22.7628
-22.7908
-22.8189
-22.8469
-22.8749
-22.9030
-22.9310
-22.9590
-22.9870
-23.0150
-23.0430
-23.0710
-23.0990
-23.1270
-23.1550
-23.1815
-23.2026
-23.2224
-23.2309
-23.2386
-23.2463
-23.2540
-23.2616
-23.2693
-23.2743
-23.2756
-23.2770
-23.2783
-23.2796
-23.2809
-23.2823
-23.2836
-23.2849
-23.2863
-23.2876
-23.2889
-23.2902
-23.2916
-23.2929
-23.2943
-23.2956
-23.2969
-23.2983
-23.2996
-23.3010
-23.3023
-23.3036
-23.3050
-23.3063
-23.3077
-23.3090
-23.3104
-23.3117
-23.3131
-23.3144
-23.3158
-23.3172
-23.3185
-23.3199
-23.3212
-23.3226
-23.3240
-23.3253
-23.3267
-23.3281
-23.3294
-23.3308
-23.3322
-23.3335
-23.3349
-23.3363
-23.3377
-23.3390
-23.3404
-23.3418
-23.3432
-23.3446
-23.3459
-23.3473
-23.3487
-23.3501
-23.3515
-23.3529
-23.3543
-23.3557
-23.3571
-23.3585
-23.3599
-23.3613
-23.3627
-23.3641
-23.3655
-23.3669
-23.3683
-23.3697
-23.3711
-23.3725
-23.3739
-23.3754
-23.3768
-23.3782
-23.3796
-23.3810
-23.3825
-23.3839
-23.3853
-23.3867
-23.3882
-23.3896
-23.3910
-23.3925
-23.3939
-23.3954
-23.3968
-23.3982
-23.3997
-23.4011
-23.4026
-23.4040
-23.4055
-23.4069
-23.4084
-23.4098
-23.4113
-23.4127
-23.4142
-23.4157
-23.4171
-23.4186
-23.4201
-23.4215
-23.4230
-23.4245
-23.4260
-23.4274
-23.4289
-23.4304
-23.4319
-23.4334
-23.4348
-23.4363
-23.4378
-23.4393
-23.4408
-23.4423
-23.4438
-23.4453
-23.4468
-23.4483
-23.4498
-23.4513
-23.4528
-23.4543
-23.4559
-23.4574
-23.4589
-23.4604
-23.4619
-23.4634
-23.4650
-23.4665
-23.4680
-23.4696
-23.4711
-23.4726
-23.4742
-23.4757
-23.4772
-23.4788
-23.4803
-23.4819
-23.4834
-23.4850
-23.4865
-23.4881
-23.4897
-23.4912
-23.4928
-23.4943
-23.4959
-23.4975
-23.4991
-23.5006
-23.5022
-23.5038
-23.5054
-23.5069
-23.5085
-23.5101
-23.5117
-23.5133
-23.5149
-23.5165
-23.5181
-23.5197
-23.5213
-23.5229
-23.5245
-23.5261
-23.5277
-23.5293
-23.5310
-23.5326
-23.5342
-23.5358
-23.5375
-23.5391
-23.5407
-23.5424
-23.5440
-23.5456
-23.5473
-23.5489
-23.5506
-23.5522
-23.5539
-23.5555
-23.5563
-23.5572
-23.5581
-23.5589
-23.5598
-23.5607
-23.5616
-23.5625
-23.5634
-23.5642
-23.5651
-23.5660
-23.5669
-23.5678
-23.5687
-23.5696
-23.5705
-23.5714
-23.5724
-23.5733
-23.5742
-23.5751
-23.5760
-23.5770
-23.5779
-23.5788
-23.5797
-23.5807
-23.5816
-23.5826
-23.5835
-23.5844
-23.5854
-23.5863
-23.5873
-23.5883
-23.5892
-23.5902
-23.5911
-23.5921
-23.5931
-23.5940
-23.5950
-23.5960
-23.5970
-23.5980
-23.5990
-23.5999
-23.6009
-23.6019
-23.6029
-23.6039
-23.6049
-23.6059
-23.6070
-23.6080
-23.6090
-23.6100
-23.6110
-23.6121
-23.6131
-23.6141
-23.6151
-23.6162
-23.6172
-23.6183
-23.6193
-23.6204
-23.6214
-23.6225
-23.6235
-23.6246
-23.6257
-23.6267
-23.6278
-23.6289
-23.6300
-23.6310
-23.6321
-23.6332
-23.6343
-23.6354
-23.6365
-23.6376
-23.6387
-23.6398
-23.6409
-23.6420
-23.6431
-23.6443
-23.6454
-23.6465
-23.6477
-23.6488
-23.6499
-23.6511
-23.6522
-23.6534
-23.6545
-23.6557
-23.6568
-23.6580
-23.6592
-23.6603
-23.6615
-23.6627
-23.6639
-23.6651
-23.6663
-23.6674
-23.6686
-23.6698
-23.6710
-23.6723
-23.6735
-23.6747
-23.6759
-23.6771
-23.6784
-23.6796
-23.6808
-23.6821
-23.6833
-23.6846
-23.6858
-23.6871
-23.6883
-23.6896
-23.6908
-23.6921
-23.6934
-23.6947
-23.6960
-23.6972
-23.6985
-23.6998
-23.7011
-23.7024
-23.7037
-23.7051
-23.7064
-23.7077
-23.7090
-23.7103
-23.7117
-23.7130
-23.7144
-23.7157
-23.7171
-23.7184
-23.7198
-23.7211
-23.7225
-23.7239
-23.7253
-23.7266
-23.7280
-23.7294
-23.7308
-23.7322
-23.7336
-23.7350
-23.7364
-23.7379
-23.7393
-23.7407
-23.7421
-23.7436
-23.7450
-23.7465
-23.7479
-23.7494
-23.7508
-23.7523
-23.7538
-23.7552
-23.7567
-23.7582
-23.7597
-23.7612
-23.7627
-23.7642
-23.7657
-23.7672
-23.7687
-23.7703
-23.7718
-23.7733
-23.7749
-23.7764
-23.7780
-23.7795
-23.7811
-23.7827
-23.7842
-23.7858
-23.7874
-23.7890
-23.7906
-23.7922
-23.7938
-23.7954
-23.7970
-23.7986
-23.8002
-23.8019
-23.8035
-23.8052
-23.8068
-23.8085
-23.8101
-23.8118
-23.8134
-23.8151
-23.8168
-23.8185
-23.8202
-23.8219
-23.8236
-23.8253
-23.8270
-23.8287
-23.8305
-23.8322
-23.8339
-23.8357
-23.8374
-23.8392
-23.8409
-23.8427
-23.8445
-23.8463
-23.8481
-23.8499
-23.8517
-23.8535
-23.8553
-23.8571
-23.8589
-23.8607
-23.8626
-23.8644
-23.8663
-23.8681
-23.8700
-23.8719
-23.8737
-23.8756
-23.8775
-23.8794
-23.8813
-23.8832
-23.8851
-23.8870
-23.8890
-23.8909
-23.8928
-23.8948
-23.8967
-23.8987
-23.9007
-23.9026
-23.9046
-23.9066
-23.9086
-23.9106
-23.9126
-23.9146
-23.9167
-23.9187
-23.9207
-23.9228
-23.9248
-23.9269
-23.9290
-23.9310
-23.9331
-23.9352
-23.9373
-23.9394
-23.9415
-23.9436
-23.9457
-23.9479
-23.9500
-23.9522
-23.9543
-23.9565
-23.9586
-23.9608
-23.9630
-23.9652
-23.9674
-23.9696
-23.9718
-23.9740
-23.9763
-23.9785
-23.9808
-23.9830
-23.9853
-23.9876
-23.9898
-23.9921
-23.9944
-23.9967
-23.9990
-24.0013
-24.0037
-24.0060
-24.0084
-24.0107
-24.0131
-24.0154
-24.0178
-24.0202
-24.0226
-24.0250
-24.0274
-24.0298
-24.0323
-24.0347
-24.0371
-24.0396
-24.0421
-24.0445
-24.0470
-24.0495
-24.0520
-24.0545
-24.0570
-24.0595
-24.0621
-24.0646
-24.0672
-24.0697
-24.0723
-24.0749
-24.0775
-24.0801
-24.0827
-24.0853
-24.0879
-24.0906
-24.0932
-24.0959
-24.0985
-24.1012
-24.1039
-24.1066
-24.1093
-24.1120
-24.1147
-24.1174
-24.1202
-24.1229
-24.1257
-24.1285
-24.1312
-24.1340
-24.1368
-24.1396
-24.1425
-24.1453
-24.1481
-24.1510
-24.1538
-24.1567
-24.1596
-24.1623
-24.1643
-24.1664
-24.1684
-24.1705
-24.1725
-24.1746
-24.1767
-24.1787
-24.1808
-24.1829
-24.1850
-24.1871
-24.1892
-24.1913
-24.1934
-24.1955
-24.1976
-24.1997
-24.2018
-24.2036
-24.2053
-24.2070
-24.2087
-24.2104
-24.2122
-24.2139
-24.2156
-24.2173
-24.2190
-24.2208
-24.2225
-24.2242
-24.2260
-24.2277
-24.2294
-24.2312
-24.2329
-24.2347
-24.2364
-24.2382
-24.2399
-24.2417
-24.2435
-24.2452
-24.2470
-24.2488
-24.2506
-24.2523
-24.2541
-24.2559
-24.2577
-24.2595
-24.2613
-24.2631
-24.2649
-24.2667
-24.2685
-24.2703
-24.2721
-24.2739
-24.2757
-24.2776
-24.2794
-24.2812
-24.2831
-24.2849
-24.2867
-24.2886
-24.2904
-24.2923
-24.2941
-24.2960
-24.2978
-24.2997
-24.3015
-24.3034
-24.3053
-24.3072
-24.3090
-24.3109
-24.3128
-24.3147
-24.3166
-24.3185
-24.3204
-24.3223
-24.3242
-24.3261
-24.3280
-24.3299
-24.3318
-24.3337
-24.3356
-24.3376
-24.3395
-24.3414
-24.3434
-24.3453
-24.3472
-24.3492
-24.3511
-24.3531
-24.3550
-24.3570
-24.3590
-24.3609
-24.3629
-24.3649
-24.3668
-24.3688
-24.3708
-24.3728
-24.3748
-24.3768
-24.3788
-24.3808
-24.3828
-24.3848
-24.3868
-24.3888
-24.3908
-24.3928
-24.3949
-24.3969
-24.3989
-24.4009
-24.4030
-24.4050
-24.4071
-24.4091
-24.4112
-24.4132
-24.4153
-24.4173
-24.4194
-24.4215
-24.4235
-24.4256
-24.4277
-24.4298
-24.4319
-24.4340
-24.4360
-24.4381
-24.4402
-24.4423
-24.4445
-24.4466
-24.4487
-24.4508
-24.4529
-24.4550
-24.4572
-24.4593
-24.4614
-24.4636
-24.4657
-24.4679
-24.4700
-24.4722
-24.4743
-24.4765
-24.4787
-24.4808
-24.4830
-24.4848
-24.4859
-24.4870
-24.4881
-24.4891
-24.4902
-24.4913
-24.4924
-24.4935
-24.4946
-24.4957
-24.4968
-24.4979
-24.4990
-24.5000
-24.5011
-24.5022
-24.5033
-24.5044
-24.5055
-24.5066
-24.5077
-24.5088
-24.5099
-24.5109
-24.5120
-24.5131
-24.5142
-24.5153
-24.5164
-24.5175
-24.5186
-24.5197
-24.5208
-24.5219
-24.5229
-24.5240
-24.5251
-24.5262
-24.5273
-24.5284
-24.5295
-24.5306
-24.5317
-24.5328
-24.5339
-24.5350
-24.5361
-24.5371
-24.5382
-24.5393
-24.5404
-24.5415
-24.5426
-24.5437
-24.5448
-24.5459
-24.5470
-24.5481
-24.5492
-24.5503
-24.5513
-24.5524
-24.5535
-24.5546
-24.5557
-24.5568
-24.5579
-24.5590
-24.5601
-24.5612
-24.5623
-24.5634
-24.5645
-24.5656
-24.5667
-24.5678
-24.5689
-24.5699
-24.5710
-24.5721
-24.5732
-24.5743
-24.5754
-24.5765
-24.5776
-24.5787
-24.5798
-24.5809
-24.5820
-24.5831
-24.5842
-24.5853
-24.5864
-24.5869
-24.5870
-24.5870
-24.5870
-24.5870
-24.5870
-24.5870
-24.5870
-24.5871
-24.5871
-24.5871
-24.5871
-24.5871
-24.5871
-24.5871
-24.5871
-24.5872
-24.5872
-24.5872
-24.5872
-24.5872
-24.5872
-24.5872
-24.5873
-24.5873
-24.5873
-24.5873
-24.5873
-24.5873
-24.5873
-24.5873
-24.5874
end

