Number of Steps:   1000, Learning Rate: 0.00100
Starting Distribution
0.00, 0.49, 0.51, 0.00
0.00, 0.51, 0.49, 0.00
0.25, 0.25, 0.25, 0.25
0.00, 0.51, 0.49, 0.00
0.25, 0.25, 0.25, 0.25
0.25, 0.25, 0.25, 0.25
0.00, 0.51, 0.49, 0.00
0.25, 0.25, 0.25, 0.25
0.00, 0.49, 0.51, 0.00
0.25, 0.25, 0.25, 0.25
0.25, 0.25, 0.25, 0.25
0.25, 0.25, 0.25, 0.25
0.25, 0.25, 0.25, 0.25
0.00, 0.51, 0.49, 0.00
0.25, 0.25, 0.25, 0.25
0.00, 0.49, 0.51, 0.00
0.25, 0.25, 0.25, 0.25
0.25, 0.25, 0.25, 0.25
0.25, 0.25, 0.25, 0.25
0.25, 0.25, 0.25, 0.25
0.00, 0.51, 0.49, 0.00
0.25, 0.25, 0.25, 0.25
0.00, 0.51, 0.49, 0.00
0.25, 0.25, 0.25, 0.25
0.25, 0.25, 0.25, 0.25
0.00, 0.51, 0.49, 0.00
0.25, 0.25, 0.25, 0.25
0.00, 0.51, 0.49, 0.00
0.25, 0.25, 0.25, 0.25
0.25, 0.25, 0.25, 0.25
0.25, 0.25, 0.25, 0.25
0.25, 0.25, 0.25, 0.25
0.00, 0.51, 0.49, 0.00
0.25, 0.25, 0.25, 0.25
0.00, 0.49, 0.51, 0.00
0.00, 0.51, 0.49, 0.00

Final Sequence
((.(..(.(....).(....).)..).(....).))
GCACGGCAGGAAACAGGAAACAGGGGACGAAGGAGC

free energy of ensemble: -0.43376 kcal/mol, free energy: 18.30000 kcal/mol
log Q(x): 0.7038, deltaG / kT:  29.6923, -log p(y|x):  30.3961
p(y|x) =   0.0000

Final Distribution
 1: 0.00, 0.00, 1.00, 0.00
 2: 0.00, 1.00, 0.00, 0.00
 3: 0.25, 0.25, 0.25, 0.25
 4: 0.00, 0.50, 0.50, 0.00
 5: 0.25, 0.15, 0.38, 0.21
 6: 0.28, 0.15, 0.36, 0.21
 7: 0.00, 0.50, 0.50, 0.00
 8: 0.25, 0.25, 0.25, 0.25
 9: 0.00, 0.00, 1.00, 0.00
10: 0.00, 0.00, 1.00, 0.00
11: 0.25, 0.25, 0.25, 0.25
12: 0.25, 0.25, 0.25, 0.25
13: 0.65, 0.00, 0.35, 0.00
14: 0.00, 1.00, 0.00, 0.00
15: 0.25, 0.25, 0.25, 0.25
16: 0.00, 0.00, 1.00, 0.00
17: 0.00, 0.00, 1.00, 0.00
18: 0.25, 0.25, 0.25, 0.25
19: 0.25, 0.25, 0.25, 0.25
20: 0.65, 0.00, 0.35, 0.00
21: 0.00, 1.00, 0.00, 0.00
22: 0.25, 0.25, 0.25, 0.25
23: 0.00, 0.50, 0.50, 0.00
24: 0.25, 0.15, 0.38, 0.21
25: 0.28, 0.15, 0.36, 0.21
26: 0.00, 0.50, 0.50, 0.00
27: 0.25, 0.25, 0.25, 0.25
28: 0.00, 1.00, 0.00, 0.00
29: 0.00, 0.00, 1.00, 0.00
30: 0.25, 0.25, 0.25, 0.25
31: 0.25, 0.25, 0.25, 0.25
32: 0.46, 0.00, 0.54, 0.00
33: 0.00, 0.00, 1.00, 0.00
34: 0.25, 0.25, 0.25, 0.25
35: 0.00, 0.00, 1.00, 0.00
36: 0.00, 1.00, 0.00, 0.00


Total Time: 80.16 seconds.
Average Time: 0.0802 seconds.
Step, Sequence, -log p(y|x), p(y|x)
    0, GCACAACAGAAAACAGAAAACAGAAGACAAAAGAGC,    38.9742,     0.0000
    1, GCACGGCAGGAAACAGGAAACAGGGGACGAAAGAGC,    30.3366,     0.0000
   26, GCACGGCAGGAAGCAGGAAGCAGGGGACGAAGGAGC,    34.6000,     0.0000
  101, GCACGGCAGGAAACAGGAAACAGGGGACGAAGGAGC,    30.3961,     0.0000

start
6519.5806
6507.4697
6394.3264
5246.0189
2786.0455
2790.6859
2806.2725
2816.4879
2689.7959
1783.8497
1783.8241
1783.7880
1783.7627
1783.7284
1783.7034
1783.6709
1783.6461
1783.6153
1783.5907
1783.5615
1783.5371
1783.5095
1783.4853
1783.4592
1783.4354
1783.4106
1783.3870
1783.3629
1783.3394
1783.3161
1783.2931
1783.2702
1783.2473
1783.2244
1783.2016
1783.1789
1783.1561
1783.1334
1783.1108
1783.0882
1783.0656
1783.0430
1783.0205
1782.9980
1782.9756
1782.9531
1782.9308
1782.9084
1782.8861
1782.8638
1782.8416
1782.8193
1782.7972
1782.7750
1782.7529
1782.7308
1782.7087
1782.6867
1782.6647
1782.6427
1782.6208
1782.5989
1782.5770
1782.5552
1782.5334
1782.5116
1782.4898
1782.4681
1782.4464
1782.4247
1782.4031
1782.3814
1782.3598
1782.3383
1782.3167
1782.2952
1782.2738
1782.2523
1782.2309
1782.2095
1782.1881
1782.1667
1782.1454
1782.1241
1782.1028
1782.0816
1782.0604
1782.0391
1782.0180
1781.9968
1781.9757
1781.9546
1781.9335
1781.9124
1781.8914
1781.8704
1781.8494
1781.8284
1781.8075
1781.7865
1781.7656
1781.7448
1781.7239
1781.7031
1781.6822
1781.6614
1781.6407
1781.6199
1781.5992
1781.5784
1781.5577
1781.5371
1781.5164
1781.4958
1781.4751
1781.4545
1781.4340
1781.4134
1781.3928
1781.3723
1781.3518
1781.3313
1781.3108
1781.2904
1781.2699
1781.2495
1781.2291
1781.2087
1781.1883
1781.1680
1781.1476
1781.1273
1781.1070
1781.0867
1781.0664
1781.0462
1781.0259
1781.0057
1780.9854
1780.9652
1780.9450
1780.9249
1780.9047
1780.8846
1780.8644
1780.8443
1780.8242
1780.8041
1780.7840
1780.7639
1780.7439
1780.7238
1780.7038
1780.6838
1780.6638
1780.6438
1780.6238
1780.6038
1780.5838
1780.5639
1780.5439
1780.5240
1780.5041
1780.4842
1780.4643
1780.4444
1780.4245
1780.4046
1780.3848
1780.3649
1780.3451
1780.3253
1780.3054
1780.2856
1780.2658
1780.2460
1780.2262
1780.2064
1780.1915
1780.1769
1780.1623
1780.1476
1780.1329
1780.1182
1780.1035
1780.0888
1780.0740
1780.0592
1780.0445
1780.0297
1780.0148
1780.0000
1779.9852
1779.9703
1779.9554
1779.9405
1779.9256
1779.9106
1779.8957
1779.8807
1779.8657
1779.8507
1779.8357
1779.8207
1779.8056
1779.7919
1779.7831
1779.7742
1779.7654
1779.7565
1779.7476
1779.7388
1779.7299
1779.7210
1779.7120
1779.7031
1779.6942
1779.6853
1779.6763
1779.6674
1779.6584
1779.6494
1779.6407
1779.6351
1779.6296
1779.6240
1779.6184
1779.6128
1779.6072
1779.6016
1779.5960
1779.5904
1779.5848
1779.5792
1779.5736
1779.5679
1779.5623
1779.5566
1779.5510
1779.5453
1779.5397
1779.5340
1779.5283
1779.5226
1779.5169
1779.5112
1779.5055
1779.4998
1779.4941
1779.4884
1779.4827
1779.4769
1779.4712
1779.4654
1779.4597
1779.4539
1779.4482
1779.4424
1779.4366
1779.4308
1779.4250
1779.4192
1779.4134
1779.4076
1779.4018
1779.3960
1779.3901
1779.3843
1779.3785
1779.3726
1779.3667
1779.3609
1779.3550
1779.3491
1779.3432
1779.3373
1779.3314
1779.3255
1779.3196
1779.3137
1779.3078
1779.3018
1779.2959
1779.2899
1779.2840
1779.2780
1779.2720
1779.2661
1779.2601
1779.2541
1779.2481
1779.2421
1779.2360
1779.2300
1779.2240
1779.2179
1779.2119
1779.2058
1779.1998
1779.1937
1779.1876
1779.1816
1779.1755
1779.1694
1779.1633
1779.1571
1779.1510
1779.1449
1779.1388
1779.1326
1779.1265
1779.1203
1779.1141
1779.1079
1779.1018
1779.0956
1779.0894
1779.0832
1779.0769
1779.0707
1779.0645
1779.0582
1779.0520
1779.0457
1779.0395
1779.0332
1779.0269
1779.0206
1779.0143
1779.0080
1779.0017
1778.9954
1778.9890
1778.9827
1778.9763
1778.9700
1778.9636
1778.9572
1778.9509
1778.9445
1778.9381
1778.9316
1778.9252
1778.9188
1778.9131
1778.9080
1778.9030
1778.8987
1778.8944
1778.8901
1778.8858
1778.8815
1778.8772
1778.8729
1778.8685
1778.8641
1778.8598
1778.8554
1778.8510
1778.8466
1778.8422
1778.8377
1778.8333
1778.8288
1778.8244
1778.8199
1778.8154
1778.8109
1778.8064
1778.8019
1778.7974
1778.7928
1778.7883
1778.7837
1778.7791
1778.7745
1778.7699
1778.7653
1778.7607
1778.7560
1778.7514
1778.7467
1778.7421
1778.7374
1778.7327
1778.7280
1778.7232
1778.7185
1778.7138
1778.7090
1778.7042
1778.6994
1778.6946
1778.6898
1778.6850
1778.6802
1778.6753
1778.6705
1778.6656
1778.6607
1778.6558
1778.6509
1778.6460
1778.6410
1778.6361
1778.6311
1778.6261
1778.6211
1778.6161
1778.6111
1778.6061
1778.6010
1778.5960
1778.5909
1778.5858
1778.5807
1778.5756
1778.5705
1778.5653
1778.5602
1778.5550
1778.5498
1778.5446
1778.5394
1778.5342
1778.5289
1778.5237
1778.5184
1778.5131
1778.5078
1778.5025
1778.4972
1778.4918
1778.4865
1778.4811
1778.4757
1778.4703
1778.4649
1778.4595
1778.4540
1778.4486
1778.4431
1778.4376
1778.4321
1778.4266
1778.4211
1778.4155
1778.4099
1778.4044
1778.3988
1778.3931
1778.3875
1778.3819
1778.3762
1778.3705
1778.3649
1778.3591
1778.3534
1778.3477
1778.3419
1778.3362
1778.3304
1778.3246
1778.3188
1778.3129
1778.3071
1778.3012
1778.2953
1778.2894
1778.2835
1778.2776
1778.2716
1778.2657
1778.2597
1778.2537
1778.2477
1778.2416
1778.2356
1778.2295
1778.2234
1778.2173
1778.2112
1778.2050
1778.1989
1778.1927
1778.1865
1778.1803
1778.1741
1778.1679
1778.1616
1778.1553
1778.1490
1778.1427
1778.1364
1778.1300
1778.1237
1778.1173
1778.1109
1778.1044
1778.0980
1778.0915
1778.0851
1778.0786
1778.0720
1778.0655
1778.0590
1778.0524
1778.0458
1778.0392
1778.0326
1778.0259
1778.0192
1778.0126
1778.0058
1777.9991
1777.9924
1777.9856
1777.9788
1777.9720
1777.9652
1777.9584
1777.9515
1777.9446
1777.9377
1777.9308
1777.9238
1777.9169
1777.9099
1777.9029
1777.8959
1777.8888
1777.8818
1777.8747
1777.8676
1777.8604
1777.8533
1777.8461
1777.8389
1777.8317
1777.8245
1777.8173
1777.8100
1777.8027
1777.7954
1777.7880
1777.7807
1777.7733
1777.7659
1777.7585
1777.7510
1777.7435
1777.7361
1777.7285
1777.7210
1777.7135
1777.7059
1777.6983
1777.6907
1777.6830
1777.6753
1777.6676
1777.6599
1777.6522
1777.6444
1777.6367
1777.6289
1777.6210
1777.6132
1777.6053
1777.5974
1777.5895
1777.5815
1777.5736
1777.5656
1777.5576
1777.5495
1777.5415
1777.5334
1777.5253
1777.5171
1777.5090
1777.5008
1777.4926
1777.4843
1777.4761
1777.4678
1777.4595
1777.4512
1777.4428
1777.4344
1777.4260
1777.4176
1777.4091
1777.4006
1777.3921
1777.3836
1777.3750
1777.3665
1777.3578
1777.3492
1777.3405
1777.3319
1777.3231
1777.3144
1777.3056
1777.2968
1777.2880
1777.2792
1777.2703
1777.2614
1777.2525
1777.2435
1777.2345
1777.2255
1777.2165
1777.2074
1777.1984
1777.1892
1777.1801
1777.1709
1777.1617
1777.1525
1777.1432
1777.1340
1777.1247
1777.1153
1777.1059
1777.0966
1777.0871
1777.0777
1777.0682
1777.0587
1777.0491
1777.0396
1777.0300
1777.0204
1777.0120
1777.0044
1776.9969
1776.9894
1776.9819
1776.9744
1776.9669
1776.9593
1776.9518
1776.9442
1776.9366
1776.9289
1776.9213
1776.9136
1776.9059
1776.8982
1776.8904
1776.8827
1776.8749
1776.8671
1776.8593
1776.8515
1776.8436
1776.8357
1776.8278
1776.8199
1776.8120
1776.8040
1776.7960
1776.7880
1776.7800
1776.7720
1776.7639
1776.7558
1776.7477
1776.7396
1776.7314
1776.7232
1776.7150
1776.7068
1776.6986
1776.6903
1776.6821
1776.6738
1776.6654
1776.6571
1776.6487
1776.6403
1776.6319
1776.6235
1776.6150
1776.6065
1776.5980
1776.5895
1776.5810
1776.5724
1776.5638
1776.5552
1776.5465
1776.5379
1776.5292
1776.5205
1776.5118
1776.5030
1776.4942
1776.4854
1776.4766
1776.4678
1776.4589
1776.4500
1776.4411
1776.4321
1776.4232
1776.4142
1776.4052
1776.3961
1776.3879
1776.3797
1776.3714
1776.3632
1776.3549
1776.3466
1776.3383
1776.3300
1776.3216
1776.3133
1776.3049
1776.2965
1776.2881
1776.2796
1776.2712
1776.2627
1776.2542
1776.2461
1776.2380
1776.2299
1776.2218
1776.2136
1776.2054
1776.1973
1776.1890
1776.1808
1776.1742
1776.1684
1776.1626
1776.1567
1776.1509
1776.1451
1776.1393
1776.1334
1776.1276
1776.1218
1776.1159
1776.1101
1776.1042
1776.0984
1776.0940
1776.0919
1776.0898
1776.0876
1776.0855
1776.0834
1776.0812
1776.0791
1776.0769
1776.0748
1776.0727
1776.0705
1776.0684
1776.0662
1776.0640
1776.0619
1776.0597
1776.0575
1776.0554
1776.0532
1776.0510
1776.0488
1776.0466
1776.0444
1776.0423
1776.0401
1776.0379
1776.0357
1776.0335
1776.0312
1776.0290
1776.0268
1776.0246
1776.0224
1776.0202
1776.0179
1776.0157
1776.0135
1776.0112
1776.0090
1776.0067
1776.0045
1776.0022
1776.0000
1775.9977
1775.9955
1775.9932
1775.9909
1775.9887
1775.9864
1775.9841
1775.9818
1775.9796
1775.9773
1775.9750
1775.9727
1775.9704
1775.9681
1775.9658
1775.9635
1775.9612
1775.9588
1775.9565
1775.9542
1775.9519
1775.9496
1775.9472
1775.9449
1775.9426
1775.9402
1775.9379
1775.9355
1775.9332
1775.9308
1775.9284
1775.9261
1775.9237
1775.9214
1775.9190
1775.9166
1775.9142
1775.9118
1775.9094
1775.9071
1775.9047
1775.9023
1775.8999
1775.8975
1775.8951
1775.8926
1775.8902
1775.8878
1775.8854
1775.8830
1775.8805
1775.8781
1775.8757
1775.8732
1775.8708
1775.8683
1775.8659
1775.8634
1775.8610
1775.8585
1775.8560
1775.8536
1775.8511
1775.8486
1775.8461
1775.8436
1775.8411
1775.8387
1775.8362
1775.8337
1775.8312
1775.8286
1775.8261
1775.8236
1775.8211
1775.8186
1775.8161
1775.8135
1775.8110
1775.8085
1775.8059
1775.8043
1775.8029
1775.8014
1775.7999
1775.7985
1775.7970
1775.7956
1775.7941
1775.7926
1775.7912
1775.7897
1775.7883
1775.7868
1775.7853
1775.7839
1775.7824
1775.7810
1775.7795
1775.7780
1775.7766
1775.7751
1775.7737
1775.7722
1775.7707
1775.7693
1775.7678
1775.7663
1775.7649
1775.7634
1775.7620
1775.7605
1775.7590
1775.7576
1775.7561
1775.7546
1775.7532
1775.7517
1775.7502
1775.7488
1775.7473
1775.7459
1775.7444
1775.7429
1775.7415
1775.7400
1775.7385
1775.7371
1775.7356
1775.7341
1775.7327
1775.7312
1775.7297
1775.7283
1775.7268
1775.7253
1775.7239
1775.7224
1775.7209
1775.7195
1775.7180
1775.7165
1775.7151
1775.7136
1775.7121
1775.7106
1775.7092
1775.7077
1775.7062
1775.7048
1775.7033
1775.7018
1775.7004
1775.6989
1775.6974
1775.6960
1775.6945
1775.6930
1775.6915
1775.6901
1775.6886
1775.6871
1775.6857
1775.6842
1775.6827
1775.6812
1775.6798
1775.6783
1775.6768
1775.6754
1775.6739
1775.6724
1775.6709
1775.6695
1775.6680
1775.6665
1775.6652
1775.6648
1775.6644
1775.6640
1775.6636
1775.6632
1775.6629
1775.6625
1775.6621
1775.6617
1775.6613
1775.6609
1775.6605
1775.6601
1775.6597
1775.6593
1775.6589
1775.6585
1775.6582
1775.6578
1775.6574
1775.6570
1775.6566
1775.6562
1775.6558
1775.6554
1775.6550
1775.6546
end

