Number of Steps:   1000, Learning Rate: 0.00100
Starting Distribution
0.00, 0.51, 0.49, 0.00
0.00, 0.51, 0.49, 0.00
0.25, 0.25, 0.25, 0.25
0.25, 0.25, 0.25, 0.25
0.25, 0.25, 0.25, 0.25
0.25, 0.25, 0.25, 0.25
0.00, 0.51, 0.49, 0.00
0.00, 0.49, 0.51, 0.00
0.25, 0.25, 0.25, 0.25
0.00, 0.49, 0.51, 0.00
0.00, 0.51, 0.49, 0.00
0.25, 0.25, 0.25, 0.25
0.25, 0.25, 0.25, 0.25
0.25, 0.25, 0.25, 0.25
0.25, 0.25, 0.25, 0.25
0.00, 0.51, 0.49, 0.00
0.00, 0.51, 0.49, 0.00
0.25, 0.25, 0.25, 0.25
0.00, 0.49, 0.51, 0.00
0.00, 0.49, 0.51, 0.00
0.25, 0.25, 0.25, 0.25
0.25, 0.25, 0.25, 0.25
0.25, 0.25, 0.25, 0.25
0.25, 0.25, 0.25, 0.25
0.00, 0.49, 0.51, 0.00
0.00, 0.51, 0.49, 0.00
0.25, 0.25, 0.25, 0.25
0.00, 0.49, 0.51, 0.00
0.00, 0.51, 0.49, 0.00
0.25, 0.25, 0.25, 0.25
0.25, 0.25, 0.25, 0.25
0.25, 0.25, 0.25, 0.25
0.25, 0.25, 0.25, 0.25
0.00, 0.51, 0.49, 0.00
0.00, 0.51, 0.49, 0.00

Final Sequence
((....)).((....)).((....)).((....))
CCGAAGGGAGCGAAGGCAGCGAAGGCAGCGAAGGC

free energy of ensemble: -6.22257 kcal/mol, free energy: -0.70000 kcal/mol
log Q(x): 10.0963, deltaG / kT:  -1.1358, -log p(y|x):   8.9605
p(y|x) =   0.0001

Final Distribution
 1: 0.00, 1.00, 0.00, 0.00
 2: 0.00, 1.00, 0.00, 0.00
 3: 0.00, 0.00, 1.00, 0.00
 4: 0.25, 0.25, 0.25, 0.25
 5: 0.25, 0.25, 0.25, 0.25
 6: 0.46, 0.00, 0.54, 0.00
 7: 0.00, 0.00, 1.00, 0.00
 8: 0.00, 0.00, 1.00, 0.00
 9: 0.25, 0.25, 0.25, 0.25
10: 0.00, 0.00, 1.00, 0.00
11: 0.00, 1.00, 0.00, 0.00
12: 0.00, 0.00, 1.00, 0.00
13: 0.25, 0.25, 0.25, 0.25
14: 0.25, 0.25, 0.25, 0.25
15: 0.46, 0.00, 0.54, 0.00
16: 0.00, 0.00, 1.00, 0.00
17: 0.00, 1.00, 0.00, 0.00
18: 0.25, 0.25, 0.25, 0.25
19: 0.00, 0.00, 1.00, 0.00
20: 0.00, 1.00, 0.00, 0.00
21: 0.00, 0.00, 1.00, 0.00
22: 0.25, 0.25, 0.25, 0.25
23: 0.25, 0.25, 0.25, 0.25
24: 0.46, 0.00, 0.54, 0.00
25: 0.00, 0.00, 1.00, 0.00
26: 0.00, 1.00, 0.00, 0.00
27: 0.25, 0.25, 0.25, 0.25
28: 0.00, 0.00, 1.00, 0.00
29: 0.00, 1.00, 0.00, 0.00
30: 0.00, 0.00, 1.00, 0.00
31: 0.25, 0.25, 0.25, 0.25
32: 0.25, 0.25, 0.25, 0.25
33: 0.46, 0.00, 0.54, 0.00
34: 0.00, 0.00, 1.00, 0.00
35: 0.00, 1.00, 0.00, 0.00


Total Time: 54.78 seconds.
Average Time: 0.0548 seconds.
Step, Sequence, -log p(y|x), p(y|x)
    0, CCAAAAGGAGCAAAAGCAGCAAAAGCAGCAAAAGC,     9.7157,     0.0001
    1, CCGAAAGGAGCGAAAGCAGCGAAAGCAGCGAAAGC,     9.3239,     0.0001
   26, CCGAAGGGAGCGAAGGCAGCGAAGGCAGCGAAGGC,     8.9605,     0.0001

start
7008.6367
7000.1920
6942.1468
6508.4786
4005.0685
4001.6812
3959.1806
3486.6604
11.6709
11.6086
11.5465
11.4846
11.4229
11.3614
11.3000
11.2388
11.1779
11.1171
11.0564
10.9960
10.9357
10.8756
10.8157
10.7560
10.6964
10.6370
10.5778
10.5187
10.4598
10.4011
10.3426
10.2842
10.2260
10.1679
10.1100
10.0523
9.9947
9.9373
9.8801
9.8230
9.7661
9.7093
9.6527
9.5963
9.5400
9.4839
9.4279
9.3721
9.3164
9.2609
9.2055
9.1503
9.0952
9.0403
8.9855
8.9308
8.8763
8.8220
8.7678
8.7137
8.6598
8.6061
8.5524
8.4989
8.4456
8.3924
8.3393
8.2864
8.2335
8.1809
8.1283
8.0759
8.0237
7.9715
7.9195
7.8677
7.8159
7.7643
7.7128
7.6615
7.6102
7.5591
7.5082
7.4573
7.4066
7.3560
7.3055
7.2551
7.2049
7.1548
7.1048
7.0549
7.0051
6.9555
6.9060
6.8566
6.8073
6.7581
6.7090
6.6601
6.6112
6.5625
6.5139
6.4654
6.4170
6.3687
6.3205
6.2725
6.2245
6.1766
6.1289
6.0813
6.0337
5.9863
5.9390
5.8917
5.8446
5.7976
5.7507
5.7038
5.6571
5.6105
5.5640
5.5176
5.4712
5.4250
5.3789
5.3328
5.2869
5.2410
5.1953
5.1496
5.1041
5.0586
5.0132
4.9686
4.9357
4.9070
4.8847
4.8648
4.8449
4.8250
4.8051
4.7852
4.7704
4.7573
4.7443
4.7313
4.7183
4.7053
4.6922
4.6792
4.6662
4.6531
4.6401
4.6270
4.6140
4.6009
4.5878
4.5748
4.5617
4.5486
4.5355
4.5224
4.5093
4.4963
4.4831
4.4700
4.4569
4.4438
4.4307
4.4176
4.4044
4.3913
4.3782
4.3650
4.3519
4.3387
4.3255
4.3124
4.2992
4.2860
4.2728
4.2597
4.2465
4.2333
4.2201
4.2074
4.1995
4.1940
4.1886
4.1831
4.1776
4.1721
4.1666
4.1611
4.1556
4.1500
4.1445
4.1390
4.1334
4.1279
4.1223
4.1168
4.1112
4.1057
4.1001
4.0945
4.0889
4.0833
4.0777
4.0721
4.0665
4.0609
4.0553
4.0497
4.0440
4.0384
4.0328
4.0271
4.0215
4.0158
4.0101
4.0045
3.9988
3.9931
3.9874
3.9817
3.9760
3.9703
3.9645
3.9588
3.9531
3.9474
3.9416
3.9359
3.9301
3.9243
3.9186
3.9128
3.9070
3.9012
3.8954
3.8896
3.8838
3.8780
3.8721
3.8663
3.8605
3.8546
3.8488
3.8429
3.8370
3.8312
3.8253
3.8194
3.8135
3.8076
3.8017
3.7957
3.7898
3.7839
3.7779
3.7720
3.7660
3.7601
3.7541
3.7481
3.7421
3.7361
3.7301
3.7241
3.7181
3.7121
3.7060
3.7000
3.6939
3.6879
3.6818
3.6757
3.6697
3.6636
3.6575
3.6514
3.6453
3.6391
3.6330
3.6269
3.6207
3.6146
3.6084
3.6022
3.5960
3.5899
3.5837
3.5775
3.5712
3.5650
3.5588
3.5525
3.5463
3.5400
3.5338
3.5275
3.5212
3.5149
3.5086
3.5023
3.4960
3.4896
3.4833
3.4770
3.4706
3.4642
3.4579
3.4515
3.4451
3.4387
3.4323
3.4258
3.4194
3.4130
3.4065
3.4001
3.3936
3.3871
3.3806
3.3741
3.3676
3.3611
3.3546
3.3480
3.3415
3.3349
3.3283
3.3218
3.3152
3.3086
3.3020
3.2954
3.2900
3.2864
3.2829
3.2794
3.2759
3.2724
3.2689
3.2653
3.2618
3.2582
3.2546
3.2511
3.2475
3.2439
3.2403
3.2367
3.2330
3.2294
3.2258
3.2221
3.2184
3.2148
3.2111
3.2074
3.2037
3.1999
3.1962
3.1925
3.1887
3.1850
3.1812
3.1774
3.1736
3.1698
3.1660
3.1622
3.1584
3.1545
3.1507
3.1468
3.1429
3.1390
3.1351
3.1312
3.1273
3.1234
3.1194
3.1154
3.1115
3.1075
3.1035
3.0995
3.0955
3.0915
3.0874
3.0834
3.0793
3.0752
3.0711
3.0670
3.0629
3.0588
3.0547
3.0505
3.0464
3.0422
3.0380
3.0338
3.0296
3.0254
3.0212
3.0169
3.0126
3.0084
3.0041
2.9998
2.9955
2.9912
2.9868
2.9825
2.9781
2.9737
2.9693
2.9649
2.9605
2.9561
2.9516
2.9472
2.9427
2.9382
2.9337
2.9292
2.9247
2.9201
2.9156
2.9110
2.9064
2.9018
2.8972
2.8926
2.8880
2.8833
2.8786
2.8740
2.8693
2.8646
2.8598
2.8551
2.8503
2.8456
2.8408
2.8360
2.8312
2.8263
2.8215
2.8166
2.8117
2.8069
2.8019
2.7970
2.7921
2.7871
2.7822
2.7772
2.7722
2.7672
2.7621
2.7571
2.7520
2.7469
2.7418
2.7367
2.7316
2.7264
2.7213
2.7161
2.7109
2.7057
2.7005
2.6952
2.6899
2.6847
2.6794
2.6741
2.6687
2.6634
2.6580
2.6526
2.6472
2.6418
2.6364
2.6309
2.6254
2.6200
2.6144
2.6089
2.6034
2.5978
2.5922
2.5866
2.5810
2.5754
2.5697
2.5641
2.5584
2.5527
2.5469
2.5412
2.5354
2.5296
2.5238
2.5180
2.5122
2.5063
2.5004
2.4945
2.4886
2.4827
2.4767
2.4707
2.4648
2.4587
2.4527
2.4466
2.4406
2.4345
2.4283
2.4222
2.4160
2.4099
2.4037
2.3974
2.3912
2.3849
2.3787
2.3724
2.3660
2.3597
2.3533
2.3469
2.3405
2.3341
2.3276
2.3211
2.3146
2.3081
2.3016
2.2950
2.2884
2.2818
2.2752
2.2685
2.2619
2.2552
2.2485
2.2417
2.2349
2.2282
2.2213
2.2145
2.2076
2.2008
2.1939
2.1869
2.1800
2.1730
2.1660
2.1590
2.1519
2.1449
2.1378
2.1306
2.1235
2.1163
2.1091
2.1019
2.0947
2.0874
2.0801
2.0728
2.0654
2.0581
2.0507
2.0433
2.0358
2.0283
2.0208
2.0133
2.0058
1.9982
1.9906
1.9830
1.9753
1.9676
1.9599
1.9522
1.9444
1.9367
1.9289
1.9210
1.9131
1.9052
1.8973
1.8894
1.8814
1.8734
1.8654
1.8573
1.8492
1.8411
1.8330
1.8248
1.8166
1.8083
1.8001
1.7918
1.7835
1.7751
1.7668
1.7584
1.7499
1.7415
1.7330
1.7244
1.7159
1.7073
1.6987
1.6901
1.6814
1.6727
1.6639
1.6552
1.6464
1.6376
1.6287
1.6198
1.6109
1.6019
1.5930
1.5839
1.5749
1.5658
1.5567
1.5476
1.5384
1.5292
1.5200
1.5107
1.5014
1.4920
1.4827
1.4733
1.4638
1.4544
1.4449
1.4353
1.4257
1.4161
1.4065
1.3968
1.3871
1.3774
1.3676
1.3578
1.3479
1.3381
1.3281
1.3182
1.3082
1.2982
1.2881
1.2780
1.2679
1.2577
1.2475
1.2373
1.2270
1.2167
1.2064
1.1960
1.1856
1.1751
1.1646
1.1541
1.1435
1.1329
1.1222
1.1115
1.1008
1.0901
1.0793
1.0684
1.0575
1.0466
1.0357
1.0247
1.0136
1.0026
0.9914
0.9803
0.9691
0.9579
0.9466
0.9353
0.9239
0.9125
0.9011
0.8896
0.8781
0.8669
0.8587
0.8505
0.8423
0.8341
0.8258
0.8176
0.8093
0.8010
0.7927
0.7844
0.7761
0.7677
0.7594
0.7510
0.7426
0.7342
0.7257
0.7173
0.7088
0.7008
0.6940
0.6872
0.6804
0.6735
0.6667
0.6598
0.6530
0.6461
0.6392
0.6323
0.6254
0.6185
0.6115
0.6046
0.5976
0.5906
0.5836
0.5767
0.5696
0.5626
0.5556
0.5485
0.5415
0.5344
0.5273
0.5202
0.5131
0.5060
0.4989
0.4918
0.4846
0.4774
0.4703
0.4631
0.4559
0.4487
0.4414
0.4342
0.4269
0.4197
0.4124
0.4051
0.3978
0.3905
0.3832
0.3758
0.3685
0.3611
0.3537
0.3463
0.3389
0.3315
0.3241
0.3167
0.3092
0.3017
0.2943
0.2868
0.2793
0.2718
0.2642
0.2567
0.2491
0.2416
0.2340
0.2264
0.2188
0.2112
0.2035
0.1959
0.1882
0.1805
0.1729
0.1652
0.1575
0.1497
0.1420
0.1342
0.1265
0.1187
0.1109
0.1031
0.0953
0.0875
0.0796
0.0718
0.0639
0.0560
0.0481
0.0402
0.0323
0.0243
0.0164
0.0084
0.0004
-0.0076
-0.0156
-0.0236
-0.0316
-0.0397
-0.0477
-0.0558
-0.0639
-0.0720
-0.0801
-0.0882
-0.0964
-0.1045
-0.1127
-0.1209
-0.1291
-0.1373
-0.1456
-0.1538
-0.1621
-0.1703
-0.1786
-0.1869
-0.1952
-0.2035
-0.2119
-0.2202
-0.2286
-0.2370
-0.2454
-0.2538
-0.2622
-0.2707
-0.2791
-0.2876
-0.2961
-0.3046
-0.3131
-0.3216
-0.3302
-0.3387
-0.3473
-0.3559
-0.3645
-0.3731
-0.3817
-0.3904
-0.3991
-0.4077
-0.4164
-0.4238
-0.4282
-0.4325
-0.4369
-0.4412
-0.4456
-0.4500
-0.4543
-0.4587
-0.4630
-0.4674
-0.4718
-0.4761
-0.4805
-0.4848
-0.4892
-0.4935
-0.4979
-0.5023
-0.5066
-0.5110
-0.5154
-0.5197
-0.5241
-0.5284
-0.5328
-0.5372
-0.5415
-0.5459
-0.5503
-0.5546
-0.5590
-0.5633
-0.5677
-0.5721
-0.5764
-0.5808
-0.5852
-0.5895
-0.5939
-0.5983
-0.6026
-0.6070
-0.6114
-0.6157
-0.6201
-0.6245
-0.6288
-0.6332
-0.6376
-0.6420
-0.6463
-0.6507
-0.6551
-0.6594
-0.6638
-0.6682
-0.6725
-0.6769
-0.6813
-0.6857
-0.6900
-0.6944
-0.6988
-0.7032
-0.7075
-0.7119
-0.7163
-0.7207
-0.7250
-0.7294
-0.7338
-0.7382
-0.7425
-0.7469
-0.7513
-0.7557
-0.7600
-0.7644
-0.7688
-0.7732
-0.7776
-0.7819
-0.7863
-0.7907
-0.7951
-0.7995
-0.8038
-0.8082
-0.8126
-0.8170
-0.8214
-0.8257
-0.8301
-0.8336
-0.8336
-0.8337
-0.8337
-0.8338
-0.8338
-0.8339
-0.8340
-0.8340
-0.8341
-0.8341
-0.8342
-0.8342
-0.8343
-0.8343
-0.8344
-0.8344
-0.8345
-0.8345
-0.8346
-0.8346
-0.8347
-0.8347
-0.8348
-0.8348
-0.8349
-0.8350
-0.8350
-0.8351
-0.8351
-0.8352
end

