Number of Steps:   1000, Learning Rate: 0.00100
Starting Distribution
1.00, 0.00, 0.00, 0.00
0.00, 0.51, 0.49, 0.00
0.00, 0.51, 0.49, 0.00
0.00, 0.51, 0.49, 0.00
0.00, 0.49, 0.51, 0.00
0.00, 0.49, 0.51, 0.00
0.00, 0.49, 0.51, 0.00
0.00, 0.51, 0.49, 0.00
0.00, 0.49, 0.51, 0.00
0.00, 0.51, 0.49, 0.00
0.00, 0.49, 0.51, 0.00
0.00, 0.51, 0.49, 0.00
1.00, 0.00, 0.00, 0.00
1.00, 0.00, 0.00, 0.00
1.00, 0.00, 0.00, 0.00
0.00, 0.49, 0.51, 0.00
0.00, 0.49, 0.51, 0.00
0.00, 0.49, 0.51, 0.00
0.00, 0.51, 0.49, 0.00
0.00, 0.49, 0.51, 0.00
1.00, 0.00, 0.00, 0.00
1.00, 0.00, 0.00, 0.00
1.00, 0.00, 0.00, 0.00
1.00, 0.00, 0.00, 0.00
0.00, 0.51, 0.49, 0.00
0.00, 0.49, 0.51, 0.00
0.00, 0.51, 0.49, 0.00
0.00, 0.49, 0.51, 0.00
0.00, 0.51, 0.49, 0.00
0.00, 0.51, 0.49, 0.00
1.00, 0.00, 0.00, 0.00

Final Sequence
.(((((((((((...)))))....)))))).
AGCCGGGCGCCCAAAGGGCGAAAACCCGGCA

free energy of ensemble: -19.11820 kcal/mol, free energy: -19.10000 kcal/mol
log Q(x): 31.0199, deltaG / kT: -30.9904, -log p(y|x):   0.0295
p(y|x) =   0.9709

Final Distribution
 1: 1.00, 0.00, 0.00, 0.00
 2: 0.00, 0.00, 1.00, 0.00
 3: 0.00, 1.00, 0.00, 0.00
 4: 0.00, 1.00, 0.00, 0.00
 5: 0.00, 0.00, 1.00, 0.00
 6: 0.00, 0.00, 1.00, 0.00
 7: 0.00, 0.00, 1.00, 0.00
 8: 0.00, 1.00, 0.00, 0.00
 9: 0.00, 0.00, 1.00, 0.00
10: 0.00, 1.00, 0.00, 0.00
11: 0.00, 1.00, 0.00, 0.00
12: 0.00, 1.00, 0.00, 0.00
13: 1.00, 0.00, 0.00, 0.00
14: 1.00, 0.00, 0.00, 0.00
15: 1.00, 0.00, 0.00, 0.00
16: 0.00, 0.00, 1.00, 0.00
17: 0.00, 0.00, 1.00, 0.00
18: 0.00, 0.00, 1.00, 0.00
19: 0.00, 1.00, 0.00, 0.00
20: 0.00, 0.00, 1.00, 0.00
21: 1.00, 0.00, 0.00, 0.00
22: 1.00, 0.00, 0.00, 0.00
23: 1.00, 0.00, 0.00, 0.00
24: 1.00, 0.00, 0.00, 0.00
25: 0.00, 1.00, 0.00, 0.00
26: 0.00, 1.00, 0.00, 0.00
27: 0.00, 1.00, 0.00, 0.00
28: 0.00, 0.00, 1.00, 0.00
29: 0.00, 0.00, 1.00, 0.00
30: 0.00, 1.00, 0.00, 0.00
31: 1.00, 0.00, 0.00, 0.00


Step, Sequence, -log p(y|x), p(y|x)
    1, AGCCGGGCGCCCAAAGGGCGAAAACCCGGCA,     0.0295,     0.9709

start
8493.9293
8486.9270
8452.4295
8250.2878
7140.8397
4048.7727
3739.2638
3724.3049
3609.4132
2863.5161
1600.5617
914.3069
230.4576
-21.2945
-21.3876
-21.4805
-21.5731
-21.6656
-21.7579
-21.8499
-21.9418
-22.0335
-22.1250
-22.2163
-22.3075
-22.3984
-22.4892
-22.5797
-22.6701
-22.7603
-22.8503
-22.9401
-23.0298
-23.1193
-23.2086
-23.2977
-23.3866
-23.4754
-23.5639
-23.6523
-23.7406
-23.8286
-23.9165
-24.0043
-24.0918
-24.1792
-24.2664
-24.3535
-24.4403
-24.5271
-24.6136
-24.7000
-24.7862
-24.8723
-24.9582
-25.0439
-25.1295
-25.2150
-25.3002
-25.3853
-25.4703
-25.5551
-25.6398
-25.7243
-25.8086
-25.8928
-25.9769
-26.0608
-26.1445
-26.2281
-26.3116
-26.3949
-26.4780
-26.5611
-26.6439
-26.7267
-26.8093
-26.8917
-26.9740
-27.0562
-27.1382
-27.2201
-27.3019
-27.3835
-27.4650
-27.5463
-27.6276
-27.7086
-27.7896
-27.8704
-27.9511
-28.0317
-28.1121
-28.1924
-28.2726
-28.3526
-28.4326
-28.5123
-28.5920
-28.6716
-28.7510
-28.8303
-28.9095
-28.9885
-29.0604
-29.1286
-29.1968
-29.2542
-29.3103
-29.3664
-29.4225
-29.4786
-29.5347
-29.5905
-29.6259
-29.6586
-29.6913
-29.7240
-29.7566
-29.7892
-29.8218
-29.8544
-29.8869
-29.9194
-29.9519
-29.9844
-30.0169
-30.0493
-30.0817
-30.1141
-30.1464
-30.1787
-30.2111
-30.2433
-30.2756
-30.3078
-30.3401
-30.3686
-30.3957
-30.4154
-30.4228
-30.4303
-30.4377
-30.4452
-30.4526
-30.4600
-30.4675
-30.4749
-30.4823
-30.4898
-30.4972
-30.5047
-30.5121
-30.5195
-30.5270
-30.5344
-30.5418
-30.5493
-30.5567
-30.5642
-30.5716
-30.5790
-30.5865
-30.5939
-30.6013
-30.6088
-30.6162
-30.6237
-30.6311
-30.6385
-30.6460
-30.6534
-30.6608
-30.6683
-30.6757
-30.6831
-30.6906
-30.6980
-30.7055
-30.7129
-30.7203
-30.7278
-30.7352
-30.7426
-30.7501
-30.7575
-30.7650
-30.7724
-30.7798
-30.7873
-30.7947
-30.8021
-30.8096
-30.8170
-30.8245
-30.8319
-30.8393
-30.8468
-30.8530
-30.8574
-30.8619
-30.8664
-30.8709
-30.8753
-30.8798
-30.8843
-30.8877
-30.8896
-30.8915
-30.8934
-30.8953
-30.8972
-30.8991
-30.9010
-30.9029
-30.9048
-30.9067
-30.9086
-30.9105
-30.9124
-30.9143
-30.9162
-30.9181
-30.9200
-30.9219
-30.9237
-30.9256
-30.9275
-30.9294
-30.9313
-30.9332
-30.9351
-30.9370
-30.9389
-30.9408
-30.9427
-30.9446
-30.9465
-30.9484
-30.9503
-30.9522
-30.9541
-30.9560
-30.9579
-30.9598
-30.9617
-30.9636
-30.9654
-30.9673
-30.9692
-30.9711
-30.9730
-30.9749
-30.9768
-30.9787
-30.9806
-30.9825
-30.9844
-30.9863
-30.9882
-30.9901
-30.9904
-30.9904
end

