Number of Steps:   1000, Learning Rate: 0.00100
Starting Distribution
0.25, 0.25, 0.25, 0.25
0.25, 0.25, 0.25, 0.25
0.00, 0.49, 0.51, 0.00
0.00, 0.49, 0.51, 0.00
0.00, 0.51, 0.49, 0.00
0.00, 0.51, 0.49, 0.00
0.00, 0.49, 0.51, 0.00
0.00, 0.49, 0.51, 0.00
0.00, 0.51, 0.49, 0.00
0.00, 0.49, 0.51, 0.00
0.25, 0.25, 0.25, 0.25
0.25, 0.25, 0.25, 0.25
0.25, 0.25, 0.25, 0.25
0.25, 0.25, 0.25, 0.25
0.25, 0.25, 0.25, 0.25
0.00, 0.51, 0.49, 0.00
0.00, 0.51, 0.49, 0.00
0.00, 0.49, 0.51, 0.00
0.00, 0.49, 0.51, 0.00
0.00, 0.49, 0.51, 0.00
0.00, 0.51, 0.49, 0.00
0.00, 0.51, 0.49, 0.00
0.00, 0.51, 0.49, 0.00
0.25, 0.25, 0.25, 0.25
0.25, 0.25, 0.25, 0.25
0.25, 0.25, 0.25, 0.25
0.25, 0.25, 0.25, 0.25
0.25, 0.25, 0.25, 0.25
0.00, 0.51, 0.49, 0.00
0.00, 0.51, 0.49, 0.00
0.00, 0.51, 0.49, 0.00
0.00, 0.51, 0.49, 0.00
0.00, 0.49, 0.51, 0.00
0.00, 0.49, 0.51, 0.00
0.00, 0.49, 0.51, 0.00
0.00, 0.51, 0.49, 0.00
0.25, 0.25, 0.25, 0.25
0.25, 0.25, 0.25, 0.25

Final Sequence
..((((((((.....))))((((.....))))))))..
AAGGCCGGGGGAAAACCCCGGCCGAAAGGGCCGGCCAA

free energy of ensemble: -19.50346 kcal/mol, free energy: -16.80000 kcal/mol
log Q(x): 31.6450, deltaG / kT: -27.2585, -log p(y|x):   4.3865
p(y|x) =   0.0124

Final Distribution
 1: 0.25, 0.25, 0.25, 0.25
 2: 0.25, 0.25, 0.25, 0.25
 3: 0.00, 0.00, 1.00, 0.00
 4: 0.00, 0.00, 1.00, 0.00
 5: 0.00, 1.00, 0.00, 0.00
 6: 0.00, 1.00, 0.00, 0.00
 7: 0.00, 0.00, 1.00, 0.00
 8: 0.00, 0.00, 1.00, 0.00
 9: 0.00, 0.00, 1.00, 0.00
10: 0.00, 0.00, 1.00, 0.00
11: 0.00, 0.00, 1.00, 0.00
12: 0.25, 0.25, 0.25, 0.25
13: 0.25, 0.25, 0.25, 0.25
14: 0.25, 0.25, 0.25, 0.25
15: 0.65, 0.00, 0.35, 0.00
16: 0.00, 1.00, 0.00, 0.00
17: 0.00, 1.00, 0.00, 0.00
18: 0.00, 1.00, 0.00, 0.00
19: 0.00, 1.00, 0.00, 0.00
20: 0.00, 0.00, 1.00, 0.00
21: 0.00, 0.00, 1.00, 0.00
22: 0.00, 1.00, 0.00, 0.00
23: 0.00, 1.00, 0.00, 0.00
24: 0.00, 0.00, 1.00, 0.00
25: 0.25, 0.25, 0.25, 0.25
26: 0.25, 0.25, 0.25, 0.25
27: 0.25, 0.25, 0.25, 0.25
28: 0.46, 0.00, 0.54, 0.00
29: 0.00, 0.00, 1.00, 0.00
30: 0.00, 0.00, 1.00, 0.00
31: 0.00, 1.00, 0.00, 0.00
32: 0.00, 1.00, 0.00, 0.00
33: 0.00, 0.00, 1.00, 0.00
34: 0.00, 0.00, 1.00, 0.00
35: 0.00, 1.00, 0.00, 0.00
36: 0.00, 1.00, 0.00, 0.00
37: 0.25, 0.25, 0.25, 0.25
38: 0.25, 0.25, 0.25, 0.25


Total Time: 110.18 seconds.
Average Time: 0.1102 seconds.
Step, Sequence, -log p(y|x), p(y|x)
    0, AAGCCCCCCGAAAAACGGGGCCCAAAAAGGGCGGGCAA,     0.1186,     0.8881
    1, AAGCCCGCGGGAAAACCGCGGGCGAAAAGCCCGGGCAA,     4.0558,     0.0173
   26, AAGGCCGGGGGAAAGCCCCGGCCGAAAGGGCCGGCCAA,     4.3910,     0.0124
   76, AAGGCCGGGGGAAAACCCCGGCCGAAAGGGCCGGCCAA,     4.3865,     0.0124

start
9751.2386
9741.6676
9681.0076
9237.2166
6602.8415
6003.5124
5997.3973
5952.5718
5619.0177
4499.4817
4461.2004
4143.8785
2323.3497
1951.2679
1511.9673
905.8814
86.8702
-12.7437
-12.8566
-12.9694
-13.0819
-13.1941
-13.3062
-13.4180
-13.5297
-13.6411
-13.7523
-13.8632
-13.9740
-14.0846
-14.1949
-14.3051
-14.4150
-14.5247
-14.6342
-14.7435
-14.8527
-14.9616
-15.0703
-15.1788
-15.2871
-15.3952
-15.5031
-15.6109
-15.7184
-15.8257
-15.9329
-16.0398
-16.1466
-16.2532
-16.3596
-16.4658
-16.5718
-16.6776
-16.7833
-16.8887
-16.9940
-17.0991
-17.2041
-17.3088
-17.4134
-17.5178
-17.6220
-17.7261
-17.8299
-17.9336
-18.0372
-18.1405
-18.2437
-18.3468
-18.4496
-18.5523
-18.6548
-18.7572
-18.8594
-18.9615
-19.0633
-19.1651
-19.2666
-19.3680
-19.4693
-19.5704
-19.6713
-19.7721
-19.8727
-19.9732
-20.0735
-20.1737
-20.2737
-20.3736
-20.4733
-20.5729
-20.6724
-20.7716
-20.8708
-20.9698
-21.0687
-21.1674
-21.2660
-21.3644
-21.4627
-21.5608
-21.6589
-21.7568
-21.8545
-21.9497
-22.0374
-22.1251
-22.2127
-22.3003
-22.3878
-22.4753
-22.5628
-22.6427
-22.7111
-22.7771
-22.8304
-22.8648
-22.8900
-22.9152
-22.9403
-22.9655
-22.9907
-23.0159
-23.0411
-23.0663
-23.0915
-23.1167
-23.1419
-23.1672
-23.1924
-23.2176
-23.2429
-23.2681
-23.2934
-23.3187
-23.3439
-23.3692
-23.3945
-23.4198
-23.4451
-23.4704
-23.4957
-23.5210
-23.5463
-23.5717
-23.5970
-23.6167
-23.6351
-23.6536
-23.6720
-23.6905
-23.7089
-23.7274
-23.7458
-23.7643
-23.7827
-23.8012
-23.8197
-23.8381
-23.8566
-23.8751
-23.8935
-23.9120
-23.9305
-23.9490
-23.9675
-23.9860
-24.0045
-24.0230
-24.0415
-24.0600
-24.0785
-24.0970
-24.1155
-24.1340
-24.1525
-24.1710
-24.1896
-24.2081
-24.2266
-24.2452
-24.2635
-24.2782
-24.2930
-24.3066
-24.3137
-24.3209
-24.3280
-24.3352
-24.3423
-24.3495
-24.3566
-24.3638
-24.3710
-24.3777
-24.3811
-24.3845
-24.3878
-24.3912
-24.3946
-24.3980
-24.4014
-24.4047
-24.4081
-24.4115
-24.4149
-24.4183
-24.4217
-24.4252
-24.4286
-24.4320
-24.4354
-24.4388
-24.4423
-24.4457
-24.4491
-24.4526
-24.4560
-24.4595
-24.4629
-24.4664
-24.4698
-24.4733
-24.4767
-24.4802
-24.4837
-24.4872
-24.4906
-24.4941
-24.4976
-24.5011
-24.5046
-24.5081
-24.5116
-24.5151
-24.5186
-24.5221
-24.5257
-24.5292
-24.5327
-24.5362
-24.5398
-24.5433
-24.5469
-24.5504
-24.5539
-24.5575
-24.5611
-24.5646
-24.5682
-24.5718
-24.5753
-24.5789
-24.5825
-24.5861
-24.5897
-24.5933
-24.5969
-24.6005
-24.6041
-24.6077
-24.6113
-24.6149
-24.6186
-24.6222
-24.6258
-24.6295
-24.6331
-24.6368
-24.6404
-24.6441
-24.6477
-24.6514
-24.6551
-24.6587
-24.6624
-24.6661
-24.6698
-24.6735
-24.6772
-24.6809
-24.6846
-24.6883
-24.6920
-24.6957
-24.6995
-24.7032
-24.7069
-24.7107
-24.7144
-24.7182
-24.7219
-24.7257
-24.7294
-24.7332
-24.7370
-24.7408
-24.7445
-24.7483
-24.7521
-24.7559
-24.7597
-24.7635
-24.7673
-24.7712
-24.7750
-24.7788
-24.7826
-24.7865
-24.7903
-24.7942
-24.7980
-24.8019
-24.8058
-24.8096
-24.8135
-24.8174
-24.8213
-24.8251
-24.8290
-24.8329
-24.8368
-24.8408
-24.8447
-24.8486
-24.8525
-24.8565
-24.8604
-24.8643
-24.8683
-24.8722
-24.8762
-24.8802
-24.8841
-24.8881
-24.8921
-24.8961
-24.9001
-24.9041
-24.9074
-24.9106
-24.9131
-24.9157
-24.9182
-24.9207
-24.9233
-24.9259
-24.9284
-24.9310
-24.9336
-24.9362
-24.9388
-24.9414
-24.9440
-24.9466
-24.9492
-24.9519
-24.9545
-24.9572
-24.9598
-24.9625
-24.9651
-24.9678
-24.9705
-24.9732
-24.9759
-24.9786
-24.9813
-24.9840
-24.9867
-24.9894
-24.9922
-24.9949
-24.9977
-25.0004
-25.0032
-25.0060
-25.0088
-25.0115
-25.0143
-25.0171
-25.0200
-25.0228
-25.0256
-25.0284
-25.0313
-25.0341
-25.0370
-25.0398
-25.0427
-25.0456
-25.0485
-25.0514
-25.0543
-25.0572
-25.0601
-25.0630
-25.0660
-25.0689
-25.0719
-25.0748
-25.0778
-25.0808
-25.0838
-25.0868
-25.0898
-25.0928
-25.0958
-25.0988
-25.1019
-25.1049
-25.1079
-25.1110
-25.1141
-25.1172
-25.1202
-25.1233
-25.1264
-25.1295
-25.1327
-25.1358
-25.1389
-25.1421
-25.1452
-25.1484
-25.1516
-25.1548
-25.1579
-25.1611
-25.1644
-25.1676
-25.1708
-25.1740
-25.1773
-25.1805
-25.1838
-25.1871
-25.1904
-25.1937
-25.1970
-25.2003
-25.2036
-25.2069
-25.2103
-25.2136
-25.2170
-25.2203
-25.2237
-25.2271
-25.2305
-25.2339
-25.2373
-25.2407
-25.2442
-25.2476
-25.2511
-25.2545
-25.2580
-25.2615
-25.2650
-25.2685
-25.2720
-25.2756
-25.2791
-25.2826
-25.2862
-25.2898
-25.2933
-25.2969
-25.3005
-25.3041
-25.3078
-25.3114
-25.3150
-25.3187
-25.3223
-25.3260
-25.3297
-25.3334
-25.3371
-25.3408
-25.3445
-25.3483
-25.3520
-25.3558
-25.3596
-25.3634
-25.3671
-25.3710
-25.3748
-25.3786
-25.3824
-25.3863
-25.3901
-25.3940
-25.3979
-25.4018
-25.4057
-25.4096
-25.4136
-25.4175
-25.4215
-25.4254
-25.4294
-25.4334
-25.4374
-25.4414
-25.4454
-25.4495
-25.4535
-25.4576
-25.4616
-25.4657
-25.4698
-25.4739
-25.4781
-25.4822
-25.4863
-25.4905
-25.4947
-25.4989
-25.5031
-25.5073
-25.5115
-25.5157
-25.5200
-25.5242
-25.5285
-25.5328
-25.5371
-25.5414
-25.5457
-25.5501
-25.5544
-25.5588
-25.5632
-25.5676
-25.5720
-25.5764
-25.5808
-25.5853
-25.5897
-25.5942
-25.5987
-25.6032
-25.6077
-25.6122
-25.6168
-25.6213
-25.6259
-25.6305
-25.6351
-25.6397
-25.6443
-25.6489
-25.6536
-25.6583
-25.6629
-25.6676
-25.6724
-25.6771
-25.6818
-25.6866
-25.6913
-25.6961
-25.7009
-25.7057
-25.7106
-25.7154
-25.7203
-25.7251
-25.7300
-25.7349
-25.7398
-25.7448
-25.7497
-25.7547
-25.7597
-25.7646
-25.7697
-25.7747
-25.7797
-25.7848
-25.7898
-25.7949
-25.8000
-25.8052
-25.8103
-25.8154
-25.8206
-25.8258
-25.8310
-25.8362
-25.8414
-25.8467
-25.8519
-25.8572
-25.8625
-25.8678
-25.8731
-25.8785
-25.8839
-25.8892
-25.8946
-25.9000
-25.9055
-25.9109
-25.9164
-25.9219
-25.9274
-25.9329
-25.9384
-25.9440
-25.9495
-25.9551
-25.9607
-25.9663
-25.9720
-25.9776
-25.9833
-25.9890
-25.9947
-26.0004
-26.0061
-26.0119
-26.0177
-26.0234
-26.0286
-26.0338
-26.0390
-26.0441
-26.0488
-26.0536
-26.0584
-26.0632
-26.0680
-26.0728
-26.0777
-26.0825
-26.0874
-26.0923
-26.0972
-26.1021
-26.1070
-26.1119
-26.1169
-26.1218
-26.1268
-26.1318
-26.1368
-26.1418
-26.1469
-26.1519
-26.1570
-26.1621
-26.1671
-26.1723
-26.1774
-26.1825
-26.1877
-26.1928
-26.1980
-26.2032
-26.2084
-26.2136
-26.2189
-26.2241
-26.2294
-26.2347
-26.2400
-26.2453
-26.2506
-26.2560
-26.2613
-26.2667
-26.2721
-26.2775
-26.2829
-26.2884
-26.2938
-26.2993
-26.3048
-26.3103
-26.3158
-26.3214
-26.3269
-26.3325
-26.3380
-26.3436
-26.3493
-26.3549
-26.3605
-26.3662
-26.3719
-26.3776
-26.3833
-26.3890
-26.3948
-26.4005
-26.4063
-26.4121
-26.4179
-26.4237
-26.4296
-26.4355
-26.4413
-26.4472
-26.4532
-26.4591
-26.4645
-26.4696
-26.4747
-26.4799
-26.4850
-26.4901
-26.4953
-26.5005
-26.5057
-26.5108
-26.5160
-26.5213
-26.5265
-26.5317
-26.5370
-26.5422
-26.5475
-26.5528
-26.5581
-26.5633
-26.5671
-26.5708
-26.5745
-26.5782
-26.5819
-26.5856
-26.5893
-26.5930
-26.5967
-26.6004
-26.6041
-26.6078
-26.6115
-26.6153
-26.6190
-26.6227
-26.6265
-26.6289
-26.6308
-26.6326
-26.6345
-26.6364
-26.6383
-26.6402
-26.6421
-26.6439
-26.6458
-26.6477
-26.6496
-26.6515
-26.6534
-26.6553
-26.6573
-26.6592
-26.6611
-26.6630
-26.6649
-26.6669
-26.6688
-26.6707
-26.6727
-26.6746
-26.6765
-26.6785
-26.6804
-26.6824
-26.6843
-26.6863
-26.6883
-26.6902
-26.6922
-26.6942
-26.6961
-26.6981
-26.7001
-26.7021
-26.7041
-26.7061
-26.7080
-26.7100
-26.7120
-26.7140
-26.7161
-26.7181
-26.7201
-26.7221
-26.7241
-26.7261
-26.7282
-26.7302
-26.7322
-26.7342
-26.7363
-26.7383
-26.7404
-26.7424
-26.7445
-26.7465
-26.7486
-26.7506
-26.7527
-26.7548
-26.7568
-26.7589
-26.7610
-26.7631
-26.7652
-26.7673
-26.7693
-26.7714
-26.7735
-26.7756
-26.7777
-26.7799
-26.7820
-26.7841
-26.7862
-26.7883
-26.7904
-26.7926
-26.7947
-26.7968
-26.7990
-26.8011
-26.8033
-26.8054
-26.8076
-26.8097
-26.8119
-26.8140
-26.8162
-26.8184
-26.8206
-26.8227
-26.8249
-26.8271
-26.8293
-26.8315
-26.8337
-26.8359
-26.8381
-26.8403
-26.8425
-26.8447
-26.8469
-26.8491
-26.8514
-26.8536
-26.8558
-26.8581
-26.8603
-26.8625
-26.8648
-26.8670
-26.8693
-26.8715
-26.8738
-26.8761
-26.8783
-26.8806
-26.8829
-26.8852
-26.8874
-26.8897
-26.8920
-26.8943
-26.8956
-26.8968
-26.8980
-26.8992
-26.9004
-26.9016
-26.9028
-26.9041
-26.9053
-26.9065
-26.9077
-26.9089
-26.9101
-26.9113
-26.9125
-26.9137
-26.9149
-26.9161
-26.9173
-26.9186
-26.9198
-26.9210
-26.9222
-26.9234
-26.9246
-26.9258
-26.9270
-26.9282
-26.9294
-26.9306
-26.9319
-26.9331
-26.9343
-26.9355
-26.9367
-26.9379
-26.9391
-26.9403
-26.9415
-26.9427
-26.9440
-26.9452
-26.9464
-26.9476
-26.9488
-26.9500
-26.9512
-26.9524
-26.9536
-26.9548
-26.9561
-26.9573
-26.9585
-26.9597
-26.9609
-26.9621
-26.9633
-26.9645
-26.9658
-26.9670
-26.9682
-26.9694
-26.9706
-26.9718
-26.9730
-26.9742
-26.9754
-26.9767
-26.9779
-26.9791
-26.9803
-26.9815
-26.9827
-26.9839
-26.9851
-26.9864
-26.9876
-26.9888
-26.9900
-26.9912
-26.9924
-26.9936
-26.9948
-26.9961
-26.9973
-26.9985
-26.9997
-27.0009
-27.0021
-27.0033
-27.0046
-27.0058
-27.0070
-27.0082
-27.0088
-27.0089
-27.0090
-27.0092
-27.0093
-27.0094
-27.0096
-27.0097
-27.0098
-27.0100
-27.0101
-27.0102
-27.0104
-27.0105
-27.0106
-27.0108
-27.0109
-27.0110
-27.0111
-27.0113
-27.0114
-27.0115
-27.0117
-27.0118
-27.0119
-27.0121
-27.0122
-27.0123
-27.0125
-27.0126
end

