Number of Steps:   1000, Learning Rate: 0.00100
Starting Distribution
0.00, 0.49, 0.51, 0.00
0.00, 0.49, 0.51, 0.00
0.00, 0.51, 0.49, 0.00
0.00, 0.49, 0.51, 0.00
0.00, 0.51, 0.49, 0.00
0.00, 0.49, 0.51, 0.00
0.25, 0.25, 0.25, 0.25
0.00, 0.49, 0.51, 0.00
0.00, 0.51, 0.49, 0.00
0.00, 0.51, 0.49, 0.00
0.00, 0.49, 0.51, 0.00
0.00, 0.51, 0.49, 0.00
0.00, 0.49, 0.51, 0.00
0.00, 0.49, 0.51, 0.00
0.00, 0.49, 0.51, 0.00
0.25, 0.25, 0.25, 0.25
0.25, 0.25, 0.25, 0.25
0.25, 0.25, 0.25, 0.25
0.25, 0.25, 0.25, 0.25
0.00, 0.51, 0.49, 0.00
0.00, 0.51, 0.49, 0.00
0.00, 0.51, 0.49, 0.00
0.00, 0.49, 0.51, 0.00
0.00, 0.51, 0.49, 0.00
0.25, 0.25, 0.25, 0.25
0.00, 0.49, 0.51, 0.00
0.00, 0.51, 0.49, 0.00
0.25, 0.25, 0.25, 0.25
0.00, 0.49, 0.51, 0.00
0.25, 0.25, 0.25, 0.25
0.00, 0.51, 0.49, 0.00
0.00, 0.49, 0.51, 0.00
0.00, 0.51, 0.49, 0.00
0.00, 0.49, 0.51, 0.00
0.00, 0.49, 0.51, 0.00
0.00, 0.49, 0.51, 0.00

Final Sequence
((((((.((((((((....))))).)).).))))))
GCCGCGGGCCGCGGGGAAACCCGCAGGACGCGCGGC

free energy of ensemble: -27.05578 kcal/mol, free energy: -26.70000 kcal/mol
log Q(x): 43.8989, deltaG / kT: -43.3216, -log p(y|x):   0.5773
p(y|x) =   0.5614

Final Distribution
 1: 0.00, 0.00, 1.00, 0.00
 2: 0.00, 1.00, 0.00, 0.00
 3: 0.00, 1.00, 0.00, 0.00
 4: 0.00, 0.00, 1.00, 0.00
 5: 0.00, 1.00, 0.00, 0.00
 6: 0.00, 0.00, 1.00, 0.00
 7: 0.07, 0.00, 0.93, 0.00
 8: 0.00, 0.00, 1.00, 0.00
 9: 0.00, 1.00, 0.00, 0.00
10: 0.00, 1.00, 0.00, 0.00
11: 0.00, 0.00, 1.00, 0.00
12: 0.00, 1.00, 0.00, 0.00
13: 0.00, 0.00, 1.00, 0.00
14: 0.00, 0.00, 1.00, 0.00
15: 0.00, 0.00, 1.00, 0.00
16: 0.00, 0.00, 1.00, 0.00
17: 0.25, 0.25, 0.25, 0.25
18: 0.25, 0.25, 0.25, 0.25
19: 0.65, 0.00, 0.35, 0.00
20: 0.00, 1.00, 0.00, 0.00
21: 0.00, 1.00, 0.00, 0.00
22: 0.00, 1.00, 0.00, 0.00
23: 0.00, 0.00, 1.00, 0.00
24: 0.00, 1.00, 0.00, 0.00
25: 0.25, 0.25, 0.25, 0.25
26: 0.00, 0.00, 1.00, 0.00
27: 0.00, 0.00, 1.00, 0.00
28: 0.25, 0.25, 0.25, 0.25
29: 0.00, 1.00, 0.00, 0.00
30: 0.07, 0.00, 0.93, 0.00
31: 0.00, 1.00, 0.00, 0.00
32: 0.00, 0.00, 1.00, 0.00
33: 0.00, 1.00, 0.00, 0.00
34: 0.00, 0.00, 1.00, 0.00
35: 0.00, 0.00, 1.00, 0.00
36: 0.00, 1.00, 0.00, 0.00


Total Time: 78.51 seconds.
Average Time: 0.0785 seconds.
Step, Sequence, -log p(y|x), p(y|x)
    0, CCCGCGACCCGCGGGAAAACCCGCAGGAGACGCGGG,     0.5743,     0.5631
    1, GCCGCGGGCCGCGGGGAAACCCGCAGGACGCGCGGC,     0.5773,     0.5614
   26, GCCGCGGGCCGCGGGGAAGCCCGCAGGACGCGCGGC,     0.5782,     0.5609
   76, GCCGCGGGCCGCGGGGAAACCCGCAGGACGCGCGGC,     0.5773,     0.5614

start
10740.4519
10731.5772
10687.3907
10438.2457
8998.4824
3766.1235
3474.0464
3445.0980
3229.9003
2122.5965
1952.6823
1697.8351
340.9091
-26.4628
-26.5943
-26.7254
-26.8561
-26.9865
-27.1164
-27.2460
-27.3752
-27.5040
-27.6324
-27.7605
-27.8882
-28.0155
-28.1425
-28.2691
-28.3953
-28.5211
-28.6466
-28.7718
-28.8966
-29.0210
-29.1451
-29.2688
-29.3922
-29.5153
-29.6380
-29.7604
-29.8824
-30.0041
-30.1254
-30.2465
-30.3671
-30.4875
-30.6076
-30.7273
-30.8467
-30.9657
-31.0845
-31.2029
-31.3211
-31.4389
-31.5564
-31.6736
-31.7905
-31.9070
-32.0233
-32.1393
-32.2550
-32.3704
-32.4854
-32.6002
-32.7147
-32.8290
-32.9429
-33.0565
-33.1699
-33.2829
-33.3957
-33.5082
-33.6205
-33.7324
-33.8441
-33.9555
-34.0667
-34.1776
-34.2882
-34.3985
-34.5086
-34.6184
-34.7280
-34.8373
-34.9464
-35.0552
-35.1637
-35.2720
-35.3800
-35.4878
-35.5954
-35.7027
-35.8098
-35.9166
-36.0232
-36.1295
-36.2356
-36.3415
-36.4472
-36.5526
-36.6578
-36.7627
-36.8675
-36.9720
-37.0763
-37.1803
-37.2842
-37.3645
-37.4325
-37.5005
-37.5683
-37.6360
-37.7036
-37.7711
-37.8286
-37.8855
-37.9423
-37.9990
-38.0556
-38.1120
-38.1683
-38.2245
-38.2805
-38.3364
-38.3922
-38.4479
-38.5035
-38.5589
-38.6142
-38.6694
-38.7245
-38.7795
-38.8343
-38.8865
-38.9306
-38.9659
-39.0013
-39.0367
-39.0661
-39.0952
-39.1142
-39.1306
-39.1469
-39.1634
-39.1798
-39.1963
-39.2128
-39.2293
-39.2459
-39.2625
-39.2791
-39.2957
-39.3124
-39.3291
-39.3458
-39.3626
-39.3793
-39.3962
-39.4130
-39.4299
-39.4468
-39.4637
-39.4807
-39.4976
-39.5147
-39.5317
-39.5488
-39.5659
-39.5831
-39.6002
-39.6174
-39.6347
-39.6519
-39.6692
-39.6866
-39.7039
-39.7204
-39.7340
-39.7477
-39.7614
-39.7751
-39.7889
-39.8027
-39.8151
-39.8256
-39.8362
-39.8467
-39.8573
-39.8679
-39.8786
-39.8893
-39.9001
-39.9108
-39.9216
-39.9325
-39.9434
-39.9543
-39.9653
-39.9762
-39.9873
-39.9984
-40.0095
-40.0206
-40.0318
-40.0430
-40.0543
-40.0656
-40.0769
-40.0865
-40.0953
-40.1042
-40.1131
-40.1221
-40.1311
-40.1401
-40.1492
-40.1583
-40.1675
-40.1767
-40.1860
-40.1953
-40.2046
-40.2140
-40.2234
-40.2329
-40.2424
-40.2520
-40.2616
-40.2712
-40.2809
-40.2907
-40.3005
-40.3103
-40.3202
-40.3301
-40.3401
-40.3501
-40.3602
-40.3703
-40.3804
-40.3906
-40.4009
-40.4112
-40.4216
-40.4320
-40.4424
-40.4530
-40.4635
-40.4741
-40.4848
-40.4955
-40.5063
-40.5171
-40.5280
-40.5389
-40.5498
-40.5609
-40.5720
-40.5831
-40.5943
-40.6055
-40.6168
-40.6282
-40.6396
-40.6511
-40.6626
-40.6742
-40.6858
-40.6975
-40.7093
-40.7211
-40.7330
-40.7449
-40.7569
-40.7689
-40.7811
-40.7932
-40.8055
-40.8178
-40.8301
-40.8425
-40.8550
-40.8676
-40.8785
-40.8875
-40.8965
-40.9056
-40.9147
-40.9239
-40.9331
-40.9423
-40.9516
-40.9609
-40.9703
-40.9797
-40.9892
-40.9987
-41.0082
-41.0178
-41.0274
-41.0371
-41.0468
-41.0566
-41.0664
-41.0762
-41.0861
-41.0961
-41.1061
-41.1161
-41.1262
-41.1363
-41.1465
-41.1567
-41.1670
-41.1773
-41.1877
-41.1981
-41.2086
-41.2191
-41.2297
-41.2403
-41.2510
-41.2617
-41.2725
-41.2833
-41.2942
-41.3051
-41.3161
-41.3271
-41.3382
-41.3493
-41.3605
-41.3718
-41.3831
-41.3944
-41.4058
-41.4173
-41.4288
-41.4404
-41.4519
-41.4629
-41.4739
-41.4850
-41.4962
-41.5074
-41.5187
-41.5301
-41.5415
-41.5529
-41.5645
-41.5760
-41.5877
-41.5979
-41.6010
-41.6041
-41.6072
-41.6103
-41.6134
-41.6166
-41.6197
-41.6228
-41.6259
-41.6290
-41.6322
-41.6353
-41.6384
-41.6415
-41.6446
-41.6478
-41.6509
-41.6540
-41.6572
-41.6603
-41.6634
-41.6665
-41.6697
-41.6728
-41.6759
-41.6791
-41.6822
-41.6854
-41.6885
-41.6916
-41.6948
-41.6979
-41.7011
-41.7042
-41.7074
-41.7105
-41.7137
-41.7168
-41.7200
-41.7231
-41.7263
-41.7295
-41.7326
-41.7358
-41.7390
-41.7421
-41.7453
-41.7485
-41.7516
-41.7548
-41.7580
-41.7612
-41.7644
-41.7675
-41.7707
-41.7739
-41.7771
-41.7803
-41.7835
-41.7867
-41.7899
-41.7931
-41.7963
-41.7995
-41.8027
-41.8059
-41.8091
-41.8123
-41.8155
-41.8188
-41.8220
-41.8252
-41.8284
-41.8317
-41.8349
-41.8381
-41.8414
-41.8446
-41.8478
-41.8511
-41.8543
-41.8576
-41.8608
-41.8641
-41.8673
-41.8706
-41.8739
-41.8771
-41.8804
-41.8837
-41.8870
-41.8902
-41.8935
-41.8968
-41.9001
-41.9034
-41.9067
-41.9100
-41.9133
-41.9166
-41.9199
-41.9232
-41.9265
-41.9298
-41.9331
-41.9365
-41.9398
-41.9431
-41.9464
-41.9498
-41.9531
-41.9565
-41.9598
-41.9632
-41.9665
-41.9699
-41.9732
-41.9766
-41.9800
-41.9834
-41.9867
-41.9901
-41.9935
-41.9969
-42.0003
-42.0037
-42.0071
-42.0105
-42.0139
-42.0173
-42.0207
-42.0241
-42.0276
-42.0310
-42.0344
-42.0379
-42.0413
-42.0448
-42.0482
-42.0517
-42.0551
-42.0586
-42.0621
-42.0655
-42.0690
-42.0725
-42.0760
-42.0795
-42.0830
-42.0865
-42.0900
-42.0935
-42.0970
-42.1005
-42.1040
-42.1076
-42.1111
-42.1146
-42.1182
-42.1217
-42.1253
-42.1288
-42.1324
-42.1360
-42.1395
-42.1431
-42.1467
-42.1503
-42.1539
-42.1575
-42.1611
-42.1647
-42.1683
-42.1719
-42.1756
-42.1792
-42.1828
-42.1865
-42.1901
-42.1938
-42.1974
-42.2011
-42.2048
-42.2085
-42.2121
-42.2158
-42.2195
-42.2232
-42.2269
-42.2306
-42.2343
-42.2381
-42.2418
-42.2455
-42.2493
-42.2530
-42.2568
-42.2605
-42.2643
-42.2681
-42.2718
-42.2756
-42.2794
-42.2832
-42.2870
-42.2908
-42.2946
-42.2985
-42.3023
-42.3061
-42.3100
-42.3138
-42.3177
-42.3215
-42.3254
-42.3293
-42.3332
-42.3371
-42.3410
-42.3449
-42.3488
-42.3527
-42.3566
-42.3605
-42.3645
-42.3684
-42.3724
-42.3763
-42.3803
-42.3843
-42.3882
-42.3922
-42.3962
-42.4002
-42.4042
-42.4083
-42.4123
-42.4163
-42.4204
-42.4244
-42.4285
-42.4325
-42.4366
-42.4407
-42.4448
-42.4488
-42.4529
-42.4571
-42.4612
-42.4653
-42.4694
-42.4736
-42.4777
-42.4819
-42.4860
-42.4902
-42.4944
-42.4986
-42.5028
-42.5070
-42.5112
-42.5154
-42.5197
-42.5239
-42.5281
-42.5324
-42.5367
-42.5409
-42.5452
-42.5495
-42.5538
-42.5581
-42.5624
-42.5668
-42.5707
-42.5744
-42.5781
-42.5818
-42.5852
-42.5885
-42.5917
-42.5950
-42.5982
-42.6015
-42.6047
-42.6080
-42.6113
-42.6146
-42.6178
-42.6211
-42.6244
-42.6277
-42.6310
-42.6343
-42.6376
-42.6409
-42.6442
-42.6476
-42.6509
-42.6542
-42.6575
-42.6609
-42.6642
-42.6676
-42.6709
-42.6743
-42.6776
-42.6810
-42.6844
-42.6877
-42.6911
-42.6945
-42.6979
-42.7013
-42.7047
-42.7081
-42.7115
-42.7149
-42.7183
-42.7217
-42.7251
-42.7286
-42.7320
-42.7354
-42.7389
-42.7423
-42.7458
-42.7492
-42.7527
-42.7562
-42.7596
-42.7631
-42.7666
-42.7701
-42.7736
-42.7771
-42.7806
-42.7841
-42.7876
-42.7911
-42.7946
-42.7982
-42.8017
-42.8052
-42.8088
-42.8123
-42.8159
-42.8194
-42.8230
-42.8266
-42.8301
-42.8337
-42.8373
-42.8409
-42.8445
-42.8481
-42.8517
-42.8553
-42.8589
-42.8626
-42.8662
-42.8698
-42.8735
-42.8771
-42.8807
-42.8844
-42.8881
-42.8917
-42.8954
-42.8991
-42.9028
-42.9065
-42.9102
-42.9139
-42.9176
-42.9213
-42.9244
-42.9269
-42.9294
-42.9319
-42.9344
-42.9369
-42.9395
-42.9420
-42.9445
-42.9470
-42.9495
-42.9520
-42.9545
-42.9570
-42.9595
-42.9620
-42.9645
-42.9669
-42.9675
-42.9681
-42.9687
-42.9694
-42.9700
-42.9706
-42.9712
-42.9718
-42.9724
-42.9731
-42.9737
-42.9743
-42.9749
-42.9755
-42.9761
-42.9767
-42.9773
-42.9779
-42.9785
-42.9791
-42.9797
-42.9803
-42.9809
-42.9815
-42.9821
-42.9827
-42.9833
-42.9838
-42.9844
-42.9850
-42.9856
-42.9862
-42.9868
-42.9874
-42.9879
-42.9885
-42.9891
-42.9897
-42.9902
-42.9908
-42.9914
-42.9920
-42.9925
-42.9931
-42.9937
-42.9942
-42.9948
-42.9954
-42.9959
-42.9965
-42.9971
-42.9976
-42.9982
-42.9987
-42.9993
-42.9999
-43.0004
-43.0010
-43.0015
-43.0021
-43.0026
-43.0032
-43.0037
-43.0043
-43.0048
-43.0054
-43.0059
-43.0064
-43.0070
-43.0075
-43.0081
-43.0086
-43.0091
-43.0097
-43.0102
-43.0107
-43.0113
-43.0118
-43.0123
-43.0129
-43.0134
-43.0139
-43.0145
-43.0150
-43.0155
-43.0160
-43.0165
-43.0171
-43.0176
-43.0181
-43.0186
-43.0191
-43.0197
-43.0202
-43.0207
-43.0212
-43.0217
-43.0222
-43.0227
-43.0232
-43.0237
-43.0243
-43.0248
-43.0253
-43.0258
-43.0263
-43.0268
-43.0273
-43.0278
-43.0283
-43.0288
-43.0293
-43.0298
-43.0303
-43.0308
-43.0312
-43.0317
-43.0322
-43.0327
-43.0332
-43.0337
-43.0342
-43.0347
-43.0352
-43.0356
-43.0361
-43.0366
-43.0371
-43.0376
-43.0380
-43.0385
-43.0390
-43.0395
-43.0400
-43.0404
-43.0409
-43.0414
-43.0419
-43.0423
-43.0428
-43.0433
-43.0437
-43.0442
-43.0447
-43.0451
-43.0456
-43.0461
-43.0465
-43.0470
-43.0474
-43.0479
-43.0484
-43.0488
-43.0493
-43.0497
-43.0502
-43.0506
-43.0511
-43.0516
-43.0520
-43.0525
-43.0529
-43.0534
-43.0538
-43.0543
-43.0547
-43.0552
-43.0556
-43.0560
-43.0565
-43.0569
-43.0574
-43.0578
-43.0583
-43.0587
-43.0591
-43.0596
-43.0600
-43.0604
-43.0609
-43.0613
-43.0617
-43.0622
-43.0626
-43.0630
-43.0635
-43.0639
-43.0643
-43.0648
-43.0652
-43.0656
-43.0660
-43.0665
-43.0669
-43.0673
-43.0677
-43.0682
-43.0686
-43.0690
-43.0694
-43.0698
-43.0703
-43.0707
-43.0711
-43.0715
-43.0719
-43.0723
-43.0728
-43.0732
-43.0736
-43.0740
-43.0744
-43.0748
-43.0752
-43.0756
-43.0760
-43.0764
-43.0768
-43.0772
-43.0777
-43.0781
-43.0785
-43.0789
-43.0793
-43.0797
-43.0801
-43.0805
-43.0809
-43.0813
-43.0817
-43.0821
-43.0824
-43.0828
-43.0832
-43.0836
-43.0840
-43.0844
-43.0848
-43.0852
-43.0856
-43.0860
-43.0864
-43.0867
-43.0871
-43.0875
-43.0879
-43.0883
-43.0887
-43.0891
-43.0894
-43.0898
-43.0902
-43.0906
end

