Number of Steps:   1000, Learning Rate: 0.00100
Starting Distribution
0.00, 0.51, 0.49, 0.00
0.00, 0.51, 0.49, 0.00
1.00, 0.00, 0.00, 0.00
1.00, 0.00, 0.00, 0.00
1.00, 0.00, 0.00, 0.00
1.00, 0.00, 0.00, 0.00
0.00, 0.49, 0.51, 0.00
0.00, 0.51, 0.49, 0.00
1.00, 0.00, 0.00, 0.00
0.00, 0.49, 0.51, 0.00
0.00, 0.49, 0.51, 0.00
1.00, 0.00, 0.00, 0.00
1.00, 0.00, 0.00, 0.00
1.00, 0.00, 0.00, 0.00
1.00, 0.00, 0.00, 0.00
0.00, 0.51, 0.49, 0.00
0.00, 0.51, 0.49, 0.00

Final Sequence
((....)).((....))
GCGAAAGCAGGGAAACC

free energy of ensemble: -1.03051 kcal/mol, free energy: -0.30000 kcal/mol
log Q(x): 1.6720, deltaG / kT:  -0.4868, -log p(y|x):   1.1853
p(y|x) =   0.3057

Final Distribution
 1: 0.00, 0.00, 1.00, 0.00
 2: 0.00, 1.00, 0.00, 0.00
 3: 0.36, 0.00, 0.64, 0.00
 4: 1.00, 0.00, 0.00, 0.00
 5: 1.00, 0.00, 0.00, 0.00
 6: 1.00, 0.00, 0.00, 0.00
 7: 0.00, 0.00, 1.00, 0.00
 8: 0.00, 1.00, 0.00, 0.00
 9: 1.00, 0.00, 0.00, 0.00
10: 0.00, 0.00, 1.00, 0.00
11: 0.00, 0.00, 1.00, 0.00
12: 0.00, 0.00, 1.00, 0.00
13: 1.00, 0.00, 0.00, 0.00
14: 1.00, 0.00, 0.00, 0.00
15: 1.00, 0.00, 0.00, 0.00
16: 0.00, 1.00, 0.00, 0.00
17: 0.00, 1.00, 0.00, 0.00


Total Time: 1.28 seconds.
Average Time: 0.0013 seconds.
Step, Sequence, -log p(y|x), p(y|x)
    0, CCAAAAGGAGGAAAACC,     3.7776,     0.0229
    1, GCAAAAGCAGGAAAACC,     3.5063,     0.0300
  476, GCAAAAGCAGGGAAACC,     1.9817,     0.1378
  801, GCGAAAGCAGGGAAACC,     1.1853,     0.3057

start
3503.8596
3497.9018
3455.0935
3128.4020
1008.3946
1008.0171
1003.2221
949.4945
357.3402
6.4001
6.3661
6.3322
6.2983
6.2645
6.2308
6.1971
6.1635
6.1299
6.0964
6.0630
6.0296
5.9963
5.9631
5.9299
5.8967
5.8636
5.8306
5.7977
5.7648
5.7319
5.6991
5.6664
5.6337
5.6011
5.5685
5.5360
5.5036
5.4712
5.4388
5.4066
5.3743
5.3421
5.3100
5.2779
5.2459
5.2139
5.1820
5.1502
5.1183
5.0866
5.0549
5.0232
4.9916
4.9600
4.9285
4.8971
4.8656
4.8343
4.8030
4.7717
4.7405
4.7093
4.6782
4.6471
4.6161
4.5851
4.5541
4.5232
4.4924
4.4616
4.4308
4.4001
4.3695
4.3388
4.3083
4.2777
4.2472
4.2168
4.1864
4.1560
4.1257
4.0954
4.0652
4.0350
4.0048
3.9747
3.9446
3.9146
3.8846
3.8547
3.8247
3.7949
3.7650
3.7352
3.7055
3.6758
3.6461
3.6164
3.5868
3.5573
3.5277
3.5002
3.4833
3.4664
3.4496
3.4328
3.4160
3.3993
3.3827
3.3661
3.3495
3.3330
3.3165
3.3000
3.2836
3.2672
3.2509
3.2346
3.2184
3.2021
3.1860
3.1698
3.1537
3.1377
3.1217
3.1057
3.0897
3.0738
3.0580
3.0421
3.0264
3.0106
2.9976
2.9880
2.9783
2.9687
2.9590
2.9494
2.9398
2.9301
2.9205
2.9109
2.9013
2.8916
2.8820
2.8724
2.8628
2.8532
2.8435
2.8339
2.8243
2.8147
2.8051
2.7955
2.7859
2.7763
2.7667
2.7571
2.7475
2.7379
2.7283
2.7187
2.7091
2.6995
2.6899
2.6804
2.6708
2.6612
2.6516
2.6420
2.6325
2.6229
2.6133
2.6037
2.5942
2.5846
2.5750
2.5655
2.5559
2.5463
2.5368
2.5272
2.5192
2.5135
2.5077
2.5020
2.4962
2.4905
2.4847
2.4790
2.4732
2.4675
2.4617
2.4560
2.4502
2.4445
2.4388
2.4341
2.4309
2.4278
2.4246
2.4215
2.4183
2.4152
2.4120
2.4088
2.4057
2.4025
2.3994
2.3963
2.3931
2.3900
2.3868
2.3837
2.3805
2.3774
2.3742
2.3711
2.3679
2.3648
2.3617
2.3585
2.3554
2.3522
2.3491
2.3460
2.3428
2.3397
2.3366
2.3334
2.3303
2.3272
2.3240
2.3209
2.3178
2.3146
2.3115
2.3084
2.3052
2.3021
2.2990
2.2958
2.2927
2.2896
2.2864
2.2833
2.2802
2.2770
2.2739
2.2708
2.2677
2.2645
2.2614
2.2583
2.2551
2.2520
2.2489
2.2457
2.2426
2.2395
2.2364
2.2332
2.2301
2.2270
2.2238
2.2207
2.2176
2.2144
2.2113
2.2082
2.2050
2.2019
2.1988
2.1957
2.1925
2.1894
2.1863
2.1831
2.1800
2.1768
2.1737
2.1706
2.1674
2.1643
2.1612
2.1580
2.1549
2.1518
2.1486
2.1455
2.1423
2.1392
2.1361
2.1329
2.1298
2.1266
2.1235
2.1203
2.1172
2.1140
2.1109
2.1077
2.1046
2.1014
2.0983
2.0951
2.0920
2.0888
2.0857
2.0825
2.0794
2.0762
2.0731
2.0699
2.0667
2.0636
2.0604
2.0573
2.0541
2.0509
2.0478
2.0446
2.0414
2.0383
2.0351
2.0319
2.0287
2.0256
2.0224
2.0192
2.0160
2.0129
2.0097
2.0065
2.0033
2.0001
1.9969
1.9937
1.9906
1.9874
1.9842
1.9810
1.9778
1.9746
1.9714
1.9682
1.9650
1.9618
1.9586
1.9554
1.9522
1.9490
1.9457
1.9425
1.9393
1.9361
1.9329
1.9297
1.9264
1.9232
1.9200
1.9168
1.9135
1.9103
1.9071
1.9038
1.9006
1.8974
1.8941
1.8909
1.8876
1.8844
1.8811
1.8779
1.8746
1.8714
1.8681
1.8649
1.8616
1.8583
1.8551
1.8518
1.8485
1.8452
1.8420
1.8387
1.8354
1.8321
1.8288
1.8256
1.8223
1.8190
1.8157
1.8124
1.8091
1.8058
1.8025
1.7992
1.7959
1.7926
1.7892
1.7859
1.7826
1.7793
1.7760
1.7726
1.7693
1.7660
1.7626
1.7593
1.7560
1.7526
1.7493
1.7459
1.7426
1.7392
1.7358
1.7325
1.7291
1.7258
1.7224
1.7190
1.7156
1.7123
1.7089
1.7055
1.7021
1.6987
1.6953
1.6919
1.6885
1.6851
1.6817
1.6783
1.6749
1.6715
1.6681
1.6646
1.6612
1.6578
1.6543
1.6509
1.6475
1.6440
1.6406
1.6371
1.6337
1.6302
1.6268
1.6233
1.6198
1.6164
1.6129
1.6094
1.6059
1.6024
1.5989
1.5955
1.5920
1.5885
1.5850
1.5814
1.5779
1.5744
1.5709
1.5674
1.5638
1.5603
1.5568
1.5532
1.5497
1.5462
1.5426
1.5391
1.5355
1.5319
1.5284
1.5248
1.5212
1.5176
1.5141
1.5105
1.5069
1.5033
1.4997
1.4961
1.4927
1.4894
1.4860
1.4826
1.4793
1.4759
1.4725
1.4692
1.4658
1.4624
1.4591
1.4557
1.4523
1.4489
1.4456
1.4422
1.4388
1.4355
1.4321
1.4287
1.4254
1.4220
1.4186
1.4152
1.4119
1.4085
1.4051
1.4017
1.3984
1.3950
1.3916
1.3883
1.3849
1.3815
1.3781
1.3748
1.3714
1.3680
1.3646
1.3613
1.3579
1.3545
1.3511
1.3478
1.3444
1.3410
1.3376
1.3342
1.3309
1.3275
1.3241
1.3207
1.3174
1.3140
1.3106
1.3072
1.3038
1.3005
1.2971
1.2937
1.2903
1.2869
1.2836
1.2802
1.2768
1.2734
1.2700
1.2666
1.2633
1.2599
1.2565
1.2531
1.2497
1.2463
1.2430
1.2396
1.2362
1.2328
1.2294
1.2260
1.2226
1.2192
1.2159
1.2125
1.2091
1.2057
1.2023
1.1989
1.1955
1.1921
1.1887
1.1854
1.1820
1.1786
1.1752
1.1718
1.1684
1.1650
1.1616
1.1582
1.1548
1.1514
1.1480
1.1446
1.1412
1.1379
1.1345
1.1311
1.1277
1.1243
1.1209
1.1175
1.1141
1.1107
1.1073
1.1039
1.1005
1.0971
1.0937
1.0903
1.0869
1.0835
1.0801
1.0767
1.0733
1.0699
1.0665
1.0631
1.0597
1.0563
1.0528
1.0494
1.0460
1.0426
1.0392
1.0358
1.0324
1.0290
1.0256
1.0222
1.0188
1.0154
1.0120
1.0085
1.0051
1.0017
0.9983
0.9949
0.9915
0.9881
0.9847
0.9812
0.9778
0.9744
0.9710
0.9676
0.9642
0.9608
0.9573
0.9539
0.9505
0.9471
0.9437
0.9403
0.9368
0.9334
0.9300
0.9266
0.9231
0.9197
0.9163
0.9129
0.9095
0.9060
0.9026
0.8992
0.8958
0.8923
0.8889
0.8855
0.8821
0.8786
0.8752
0.8718
0.8683
0.8649
0.8615
0.8581
0.8546
0.8512
0.8478
0.8443
0.8409
0.8375
0.8340
0.8306
0.8272
0.8237
0.8203
0.8169
0.8134
0.8100
0.8065
0.8031
0.7997
0.7962
0.7928
0.7893
0.7859
0.7825
0.7790
0.7756
0.7721
0.7687
0.7652
0.7618
0.7584
0.7549
0.7515
0.7480
0.7446
0.7411
0.7377
0.7342
0.7308
0.7273
0.7239
0.7204
0.7170
0.7135
0.7101
0.7066
0.7031
0.6997
0.6962
0.6928
0.6893
0.6859
0.6824
0.6789
0.6755
0.6720
0.6686
0.6651
0.6616
0.6582
0.6547
0.6513
0.6478
0.6443
0.6409
0.6374
0.6339
0.6305
0.6270
0.6235
0.6201
0.6166
0.6131
0.6097
0.6062
0.6027
0.5992
0.5958
0.5923
0.5888
0.5853
0.5819
0.5784
0.5749
0.5714
0.5680
0.5645
0.5610
0.5575
0.5540
0.5506
0.5471
0.5436
0.5401
0.5366
0.5331
0.5297
0.5262
0.5227
0.5192
0.5158
0.5123
0.5089
0.5055
0.5021
0.4986
0.4952
0.4918
0.4884
0.4850
0.4815
0.4781
0.4747
0.4713
0.4678
0.4644
0.4610
0.4576
0.4542
0.4507
0.4473
0.4439
0.4405
0.4370
0.4336
0.4302
0.4268
0.4234
0.4199
0.4165
0.4131
0.4097
0.4062
0.4028
0.3994
0.3960
0.3926
0.3891
0.3857
0.3823
0.3789
0.3754
0.3720
0.3686
0.3652
0.3618
0.3583
0.3549
0.3515
0.3481
0.3446
0.3412
0.3378
0.3344
0.3309
0.3275
0.3241
0.3207
0.3173
0.3138
0.3104
0.3070
0.3036
0.3001
0.2967
0.2933
0.2899
0.2865
0.2830
0.2796
0.2762
0.2728
0.2693
0.2659
0.2625
0.2591
0.2557
0.2522
0.2488
0.2454
0.2420
0.2385
0.2351
0.2317
0.2283
0.2248
0.2214
0.2180
0.2146
0.2112
0.2077
0.2043
0.2009
0.1975
0.1940
0.1906
0.1872
0.1838
0.1804
0.1769
0.1735
0.1701
0.1667
0.1632
0.1598
0.1564
0.1530
0.1495
0.1461
0.1427
0.1393
0.1359
0.1324
0.1290
0.1256
0.1222
0.1187
0.1153
0.1119
0.1085
0.1051
0.1016
0.0982
0.0948
0.0914
0.0879
0.0845
0.0811
0.0777
0.0742
0.0708
0.0674
0.0640
0.0606
0.0571
0.0548
0.0539
0.0531
0.0522
0.0514
0.0505
0.0497
0.0489
0.0480
0.0472
0.0463
0.0455
0.0446
0.0438
0.0429
0.0421
0.0413
0.0404
0.0396
0.0387
0.0379
0.0370
0.0362
0.0354
0.0345
0.0337
0.0328
0.0320
0.0311
0.0303
0.0295
0.0286
0.0278
0.0269
0.0261
0.0252
0.0244
0.0235
0.0227
0.0219
0.0210
0.0202
0.0193
0.0185
0.0176
0.0168
0.0160
0.0151
0.0143
0.0134
0.0126
0.0117
0.0109
0.0100
0.0092
0.0084
0.0075
0.0067
0.0058
0.0050
0.0041
0.0033
0.0025
0.0016
0.0008
-0.0001
-0.0009
-0.0018
-0.0026
-0.0035
-0.0043
-0.0051
-0.0060
-0.0068
-0.0077
-0.0085
-0.0094
-0.0102
-0.0111
-0.0119
-0.0127
-0.0136
-0.0144
-0.0153
-0.0161
-0.0170
-0.0178
-0.0187
-0.0195
-0.0203
-0.0212
-0.0220
-0.0229
end

