Number of Steps:   1000, Learning Rate: 0.00100
Starting Distribution
0.00, 0.49, 0.51, 0.00
0.00, 0.49, 0.51, 0.00
0.00, 0.51, 0.49, 0.00
0.00, 0.49, 0.51, 0.00
0.00, 0.51, 0.49, 0.00
0.00, 0.49, 0.51, 0.00
1.00, 0.00, 0.00, 0.00
0.00, 0.49, 0.51, 0.00
0.00, 0.51, 0.49, 0.00
0.00, 0.51, 0.49, 0.00
0.00, 0.49, 0.51, 0.00
0.00, 0.51, 0.49, 0.00
0.00, 0.49, 0.51, 0.00
0.00, 0.49, 0.51, 0.00
0.00, 0.49, 0.51, 0.00
1.00, 0.00, 0.00, 0.00
1.00, 0.00, 0.00, 0.00
1.00, 0.00, 0.00, 0.00
1.00, 0.00, 0.00, 0.00
0.00, 0.51, 0.49, 0.00
0.00, 0.51, 0.49, 0.00
0.00, 0.51, 0.49, 0.00
0.00, 0.49, 0.51, 0.00
0.00, 0.51, 0.49, 0.00
1.00, 0.00, 0.00, 0.00
0.00, 0.49, 0.51, 0.00
0.00, 0.51, 0.49, 0.00
1.00, 0.00, 0.00, 0.00
0.00, 0.49, 0.51, 0.00
1.00, 0.00, 0.00, 0.00
0.00, 0.51, 0.49, 0.00
0.00, 0.49, 0.51, 0.00
0.00, 0.51, 0.49, 0.00
0.00, 0.49, 0.51, 0.00
0.00, 0.49, 0.51, 0.00
0.00, 0.49, 0.51, 0.00

Final Sequence
((((((.((((((((....))))).)).).))))))
GCCGCGGGCCGCGGGGAAACCCGCAGGACGCGCGGC

free energy of ensemble: -27.05578 kcal/mol, free energy: -26.70000 kcal/mol
log Q(x): 43.8989, deltaG / kT: -43.3216, -log p(y|x):   0.5773
p(y|x) =   0.5614

Final Distribution
 1: 0.00, 0.00, 1.00, 0.00
 2: 0.00, 1.00, 0.00, 0.00
 3: 0.00, 1.00, 0.00, 0.00
 4: 0.00, 0.00, 1.00, 0.00
 5: 0.00, 1.00, 0.00, 0.00
 6: 0.00, 0.00, 1.00, 0.00
 7: 0.18, 0.00, 0.82, 0.00
 8: 0.00, 0.00, 1.00, 0.00
 9: 0.00, 1.00, 0.00, 0.00
10: 0.00, 1.00, 0.00, 0.00
11: 0.00, 0.00, 1.00, 0.00
12: 0.00, 1.00, 0.00, 0.00
13: 0.00, 0.00, 1.00, 0.00
14: 0.00, 0.00, 1.00, 0.00
15: 0.00, 0.00, 1.00, 0.00
16: 0.00, 0.00, 1.00, 0.00
17: 1.00, 0.00, 0.00, 0.00
18: 1.00, 0.00, 0.00, 0.00
19: 1.00, 0.00, 0.00, 0.00
20: 0.00, 1.00, 0.00, 0.00
21: 0.00, 1.00, 0.00, 0.00
22: 0.00, 1.00, 0.00, 0.00
23: 0.00, 0.00, 1.00, 0.00
24: 0.00, 1.00, 0.00, 0.00
25: 1.00, 0.00, 0.00, 0.00
26: 0.00, 0.00, 1.00, 0.00
27: 0.00, 0.00, 1.00, 0.00
28: 1.00, 0.00, 0.00, 0.00
29: 0.00, 1.00, 0.00, 0.00
30: 0.18, 0.00, 0.82, 0.00
31: 0.00, 1.00, 0.00, 0.00
32: 0.00, 0.00, 1.00, 0.00
33: 0.00, 1.00, 0.00, 0.00
34: 0.00, 0.00, 1.00, 0.00
35: 0.00, 0.00, 1.00, 0.00
36: 0.00, 1.00, 0.00, 0.00


Total Time: 47.70 seconds.
Average Time: 0.0477 seconds.
Step, Sequence, -log p(y|x), p(y|x)
    1, GCCGCGAGCCGCGGGAAAACCCGCAGGACACGCGGC,     0.4766,     0.6209
  476, GCCGCGGGCCGCGGGGAAACCCGCAGGACGCGCGGC,     0.5773,     0.5614

start
10740.6976
10731.8632
10687.9859
10441.2036
8999.6814
3767.7560
3474.8941
3445.9723
3231.0489
2126.1201
1953.8409
1699.0511
342.8548
-25.3409
-25.4823
-25.6233
-25.7638
-25.9039
-26.0436
-26.1828
-26.3216
-26.4601
-26.5980
-26.7356
-26.8728
-27.0095
-27.1459
-27.2818
-27.4173
-27.5524
-27.6871
-27.8214
-27.9554
-28.0889
-28.2220
-28.3548
-28.4871
-28.6191
-28.7506
-28.8818
-29.0126
-29.1431
-29.2731
-29.4028
-29.5321
-29.6611
-29.7896
-29.9178
-30.0457
-30.1731
-30.3002
-30.4270
-30.5534
-30.6794
-30.8051
-30.9304
-31.0554
-31.1801
-31.3043
-31.4283
-31.5519
-31.6751
-31.7981
-31.9207
-32.0429
-32.1648
-32.2864
-32.4077
-32.5286
-32.6492
-32.7695
-32.8894
-33.0090
-33.1283
-33.2473
-33.3660
-33.4844
-33.6024
-33.7202
-33.8376
-33.9547
-34.0716
-34.1881
-34.3043
-34.4202
-34.5358
-34.6511
-34.7662
-34.8809
-34.9953
-35.1095
-35.2233
-35.3369
-35.4502
-35.5632
-35.6759
-35.7883
-35.9005
-36.0124
-36.1240
-36.2353
-36.3442
-36.4422
-36.5400
-36.6376
-36.7348
-36.8316
-36.9039
-36.9650
-37.0259
-37.0866
-37.1471
-37.2075
-37.2677
-37.3277
-37.3876
-37.4473
-37.5068
-37.5661
-37.6253
-37.6843
-37.7431
-37.8018
-37.8603
-37.9186
-37.9768
-38.0348
-38.0926
-38.1503
-38.2078
-38.2652
-38.3224
-38.3795
-38.4338
-38.4800
-38.5174
-38.5548
-38.5921
-38.6235
-38.6545
-38.6753
-38.6935
-38.7116
-38.7298
-38.7479
-38.7660
-38.7841
-38.8021
-38.8202
-38.8382
-38.8562
-38.8742
-38.8922
-38.9102
-38.9281
-38.9460
-38.9639
-38.9818
-38.9997
-39.0176
-39.0354
-39.0533
-39.0711
-39.0889
-39.1066
-39.1244
-39.1422
-39.1599
-39.1776
-39.1953
-39.2130
-39.2306
-39.2483
-39.2659
-39.2836
-39.3012
-39.3178
-39.3316
-39.3453
-39.3591
-39.3728
-39.3865
-39.4002
-39.4125
-39.4228
-39.4331
-39.4433
-39.4536
-39.4638
-39.4740
-39.4842
-39.4944
-39.5046
-39.5147
-39.5249
-39.5350
-39.5451
-39.5552
-39.5653
-39.5754
-39.5854
-39.5955
-39.6055
-39.6155
-39.6255
-39.6355
-39.6454
-39.6554
-39.6635
-39.6708
-39.6782
-39.6855
-39.6928
-39.7001
-39.7074
-39.7146
-39.7219
-39.7291
-39.7363
-39.7436
-39.7508
-39.7579
-39.7651
-39.7723
-39.7794
-39.7865
-39.7937
-39.8008
-39.8079
-39.8149
-39.8220
-39.8291
-39.8361
-39.8431
-39.8501
-39.8571
-39.8641
-39.8711
-39.8781
-39.8850
-39.8920
-39.8989
-39.9058
-39.9127
-39.9196
-39.9265
-39.9333
-39.9402
-39.9470
-39.9539
-39.9607
-39.9675
-39.9743
-39.9811
-39.9878
-39.9946
-40.0014
-40.0081
-40.0148
-40.0215
-40.0282
-40.0349
-40.0416
-40.0483
-40.0549
-40.0616
-40.0682
-40.0748
-40.0814
-40.0880
-40.0946
-40.1012
-40.1078
-40.1143
-40.1209
-40.1274
-40.1340
-40.1405
-40.1470
-40.1535
-40.1600
-40.1664
-40.1729
-40.1793
-40.1858
-40.1922
-40.1986
-40.2051
-40.2115
-40.2179
-40.2242
-40.2306
-40.2370
-40.2433
-40.2497
-40.2560
-40.2623
-40.2686
-40.2749
-40.2812
-40.2875
-40.2938
-40.3001
-40.3063
-40.3126
-40.3188
-40.3250
-40.3312
-40.3374
-40.3436
-40.3498
-40.3560
-40.3622
-40.3684
-40.3745
-40.3807
-40.3868
-40.3929
-40.3990
-40.4051
-40.4112
-40.4173
-40.4234
-40.4295
-40.4356
-40.4416
-40.4477
-40.4537
-40.4598
-40.4658
-40.4718
-40.4778
-40.4838
-40.4898
-40.4958
-40.5018
-40.5077
-40.5137
-40.5196
-40.5256
-40.5315
-40.5374
-40.5434
-40.5493
-40.5552
-40.5611
-40.5670
-40.5729
-40.5787
-40.5846
-40.5905
-40.5963
-40.6022
-40.6080
-40.6138
-40.6197
-40.6255
-40.6313
-40.6371
-40.6429
-40.6487
-40.6544
-40.6602
-40.6660
-40.6717
-40.6775
-40.6832
-40.6890
-40.6947
-40.7005
-40.7062
-40.7119
-40.7176
-40.7233
-40.7290
-40.7347
-40.7404
-40.7460
-40.7517
-40.7574
-40.7630
-40.7687
-40.7743
-40.7800
-40.7856
-40.7912
-40.7968
-40.8024
-40.8081
-40.8137
-40.8193
-40.8248
-40.8304
-40.8360
-40.8416
-40.8471
-40.8527
-40.8583
-40.8638
-40.8694
-40.8749
-40.8804
-40.8860
-40.8915
-40.8970
-40.9025
-40.9080
-40.9135
-40.9190
-40.9245
-40.9300
-40.9355
-40.9410
-40.9465
-40.9519
-40.9574
-40.9629
-40.9683
-40.9738
-40.9792
-40.9846
-40.9901
-40.9955
-41.0009
-41.0064
-41.0118
-41.0172
-41.0226
-41.0280
-41.0334
-41.0388
-41.0442
-41.0496
-41.0550
-41.0604
-41.0657
-41.0711
-41.0765
-41.0818
-41.0872
-41.0925
-41.0979
-41.1033
-41.1086
-41.1139
-41.1193
-41.1246
-41.1299
-41.1353
-41.1406
-41.1459
-41.1512
-41.1565
-41.1618
-41.1672
-41.1725
-41.1778
-41.1831
-41.1883
-41.1936
-41.1989
-41.2042
-41.2095
-41.2148
-41.2200
-41.2253
-41.2306
-41.2359
-41.2411
-41.2464
-41.2516
-41.2569
-41.2621
-41.2674
-41.2726
-41.2779
-41.2831
-41.2884
-41.2936
-41.2988
-41.3041
-41.3093
-41.3145
-41.3198
-41.3250
-41.3302
-41.3352
-41.3402
-41.3451
-41.3501
-41.3550
-41.3600
-41.3649
-41.3699
-41.3748
-41.3797
-41.3846
-41.3896
-41.3945
-41.3994
-41.4043
-41.4091
-41.4140
-41.4189
-41.4238
-41.4286
-41.4335
-41.4383
-41.4432
-41.4480
-41.4529
-41.4577
-41.4625
-41.4673
-41.4722
-41.4770
-41.4818
-41.4866
-41.4913
-41.4961
-41.5009
-41.5057
-41.5105
-41.5152
-41.5200
-41.5247
-41.5295
-41.5342
-41.5389
-41.5437
-41.5484
-41.5531
-41.5578
-41.5625
-41.5672
-41.5719
-41.5766
-41.5813
-41.5860
-41.5907
-41.5953
-41.6000
-41.6047
-41.6093
-41.6140
-41.6186
-41.6232
-41.6279
-41.6325
-41.6371
-41.6418
-41.6464
-41.6510
-41.6556
-41.6602
-41.6648
-41.6694
-41.6739
-41.6785
-41.6831
-41.6877
-41.6922
-41.6968
-41.7013
-41.7059
-41.7104
-41.7150
-41.7195
-41.7240
-41.7285
-41.7331
-41.7376
-41.7421
-41.7466
-41.7511
-41.7556
-41.7601
-41.7646
-41.7690
-41.7735
-41.7780
-41.7825
-41.7869
-41.7914
-41.7958
-41.8003
-41.8047
-41.8092
-41.8136
-41.8180
-41.8225
-41.8269
-41.8313
-41.8357
-41.8401
-41.8445
-41.8489
-41.8533
-41.8577
-41.8621
-41.8665
-41.8709
-41.8752
-41.8796
-41.8840
-41.8883
-41.8927
-41.8970
-41.9014
-41.9057
-41.9101
-41.9144
-41.9187
-41.9230
-41.9274
-41.9317
-41.9360
-41.9403
-41.9446
-41.9489
-41.9532
-41.9575
-41.9618
-41.9661
-41.9704
-41.9746
-41.9789
-41.9832
-41.9874
-41.9917
-41.9960
-42.0002
-42.0045
-42.0087
-42.0129
-42.0172
-42.0214
-42.0256
-42.0299
-42.0341
-42.0383
-42.0425
-42.0467
-42.0509
-42.0551
-42.0593
-42.0635
-42.0677
-42.0719
-42.0761
-42.0803
-42.0845
-42.0886
-42.0928
-42.0970
-42.1011
-42.1053
-42.1094
-42.1136
-42.1177
-42.1219
-42.1260
-42.1302
-42.1343
-42.1384
-42.1425
-42.1467
-42.1508
-42.1549
-42.1590
-42.1631
-42.1672
-42.1713
-42.1754
-42.1795
-42.1836
-42.1877
-42.1918
-42.1959
-42.1999
-42.2040
-42.2081
-42.2122
-42.2162
-42.2203
-42.2243
-42.2284
-42.2324
-42.2365
-42.2405
-42.2446
-42.2486
-42.2526
-42.2567
-42.2607
-42.2647
-42.2688
-42.2728
-42.2768
-42.2808
-42.2848
-42.2888
-42.2928
-42.2968
-42.3008
-42.3048
-42.3088
-42.3128
-42.3168
-42.3208
-42.3247
-42.3287
-42.3327
-42.3367
-42.3406
-42.3446
-42.3486
-42.3525
-42.3565
-42.3604
-42.3644
-42.3683
-42.3723
-42.3762
-42.3801
-42.3841
-42.3880
-42.3919
-42.3959
-42.3998
-42.4037
-42.4076
-42.4115
-42.4155
-42.4194
-42.4233
-42.4272
-42.4311
-42.4350
-42.4389
-42.4428
-42.4467
-42.4506
-42.4544
-42.4583
-42.4622
-42.4661
-42.4700
-42.4738
-42.4777
-42.4816
-42.4854
-42.4893
-42.4932
-42.4970
-42.5009
-42.5047
-42.5086
-42.5124
-42.5163
-42.5201
-42.5239
-42.5278
-42.5316
-42.5354
-42.5393
-42.5431
-42.5469
-42.5508
-42.5546
-42.5584
-42.5622
-42.5660
-42.5697
-42.5735
-42.5772
-42.5809
-42.5847
-42.5884
-42.5921
-42.5958
-42.5996
-42.6033
-42.6070
-42.6107
-42.6144
-42.6181
-42.6218
-42.6255
-42.6292
-42.6329
-42.6366
-42.6403
-42.6440
-42.6477
-42.6513
-42.6550
-42.6587
-42.6624
-42.6660
-42.6697
-42.6734
-42.6770
-42.6807
-42.6843
-42.6880
-42.6916
-42.6953
-42.6989
-42.7026
-42.7062
-42.7098
-42.7135
-42.7171
-42.7207
-42.7244
-42.7280
-42.7316
-42.7352
-42.7388
-42.7424
-42.7460
-42.7496
-42.7533
-42.7569
-42.7604
-42.7640
-42.7676
-42.7712
-42.7748
-42.7784
-42.7820
-42.7856
-42.7891
-42.7927
-42.7963
-42.7998
-42.8034
-42.8070
-42.8105
-42.8141
-42.8177
-42.8212
-42.8248
-42.8283
-42.8319
-42.8354
-42.8389
-42.8425
-42.8460
-42.8495
-42.8531
-42.8566
-42.8601
-42.8637
-42.8672
-42.8707
-42.8742
-42.8777
-42.8812
-42.8847
-42.8882
-42.8918
-42.8953
-42.8988
-42.9023
-42.9057
-42.9092
-42.9127
-42.9162
-42.9197
-42.9232
-42.9267
-42.9301
-42.9336
-42.9371
-42.9406
-42.9440
-42.9475
-42.9510
-42.9544
-42.9579
-42.9613
-42.9648
-42.9682
-42.9717
-42.9751
-42.9786
-42.9820
-42.9855
-42.9889
-42.9924
-42.9958
-42.9992
-43.0027
-43.0061
-43.0095
-43.0129
-43.0164
-43.0198
-43.0232
-43.0266
-43.0300
-43.0334
-43.0368
-43.0402
-43.0436
-43.0460
-43.0469
-43.0477
-43.0485
-43.0493
-43.0501
-43.0509
-43.0517
-43.0525
-43.0533
-43.0541
-43.0549
-43.0557
-43.0565
-43.0573
-43.0581
-43.0589
-43.0597
-43.0605
-43.0613
-43.0620
-43.0628
-43.0636
-43.0644
-43.0652
-43.0659
-43.0667
-43.0675
-43.0682
-43.0690
-43.0697
-43.0705
-43.0713
-43.0720
-43.0728
-43.0735
-43.0743
-43.0750
-43.0758
-43.0765
-43.0772
-43.0780
-43.0787
-43.0795
-43.0802
-43.0809
-43.0816
-43.0824
-43.0831
-43.0838
-43.0845
-43.0853
-43.0860
-43.0867
-43.0874
-43.0881
-43.0888
-43.0896
-43.0903
-43.0910
-43.0917
-43.0924
-43.0931
-43.0938
-43.0945
-43.0952
-43.0959
-43.0965
-43.0972
-43.0979
-43.0986
-43.0993
-43.1000
-43.1006
-43.1013
-43.1020
-43.1027
-43.1034
-43.1040
-43.1047
-43.1054
-43.1060
-43.1067
-43.1074
-43.1080
-43.1087
-43.1093
-43.1100
-43.1106
-43.1113
-43.1119
-43.1126
-43.1132
end

