Number of Steps:   1000, Learning Rate: 0.00100
Starting Distribution
0.00, 0.51, 0.49, 0.00
0.00, 0.51, 0.49, 0.00
1.00, 0.00, 0.00, 0.00
1.00, 0.00, 0.00, 0.00
1.00, 0.00, 0.00, 0.00
1.00, 0.00, 0.00, 0.00
0.00, 0.51, 0.49, 0.00
0.00, 0.49, 0.51, 0.00
1.00, 0.00, 0.00, 0.00
0.00, 0.49, 0.51, 0.00
0.00, 0.51, 0.49, 0.00
1.00, 0.00, 0.00, 0.00
1.00, 0.00, 0.00, 0.00
1.00, 0.00, 0.00, 0.00
1.00, 0.00, 0.00, 0.00
0.00, 0.51, 0.49, 0.00
0.00, 0.51, 0.49, 0.00
1.00, 0.00, 0.00, 0.00
0.00, 0.49, 0.51, 0.00
0.00, 0.49, 0.51, 0.00
1.00, 0.00, 0.00, 0.00
1.00, 0.00, 0.00, 0.00
1.00, 0.00, 0.00, 0.00
1.00, 0.00, 0.00, 0.00
0.00, 0.49, 0.51, 0.00
0.00, 0.51, 0.49, 0.00
1.00, 0.00, 0.00, 0.00
0.00, 0.49, 0.51, 0.00
0.00, 0.51, 0.49, 0.00
1.00, 0.00, 0.00, 0.00
1.00, 0.00, 0.00, 0.00
1.00, 0.00, 0.00, 0.00
1.00, 0.00, 0.00, 0.00
0.00, 0.51, 0.49, 0.00
0.00, 0.51, 0.49, 0.00

Final Sequence
((....)).((....)).((....)).((....))
CCGAAAGGAGCGAAAGCAGCGAAAGCAGCGAAAGC

free energy of ensemble: -6.04654 kcal/mol, free energy: -0.30000 kcal/mol
log Q(x): 9.8107, deltaG / kT:  -0.4868, -log p(y|x):   9.3239
p(y|x) =   0.0001

Final Distribution
 1: 0.00, 1.00, 0.00, 0.00
 2: 0.00, 1.00, 0.00, 0.00
 3: 0.36, 0.00, 0.64, 0.00
 4: 1.00, 0.00, 0.00, 0.00
 5: 1.00, 0.00, 0.00, 0.00
 6: 1.00, 0.00, 0.00, 0.00
 7: 0.00, 0.00, 1.00, 0.00
 8: 0.00, 0.00, 1.00, 0.00
 9: 1.00, 0.00, 0.00, 0.00
10: 0.00, 0.00, 1.00, 0.00
11: 0.00, 1.00, 0.00, 0.00
12: 0.36, 0.00, 0.64, 0.00
13: 1.00, 0.00, 0.00, 0.00
14: 1.00, 0.00, 0.00, 0.00
15: 1.00, 0.00, 0.00, 0.00
16: 0.00, 0.00, 1.00, 0.00
17: 0.00, 1.00, 0.00, 0.00
18: 1.00, 0.00, 0.00, 0.00
19: 0.00, 0.00, 1.00, 0.00
20: 0.00, 1.00, 0.00, 0.00
21: 0.36, 0.00, 0.64, 0.00
22: 1.00, 0.00, 0.00, 0.00
23: 1.00, 0.00, 0.00, 0.00
24: 1.00, 0.00, 0.00, 0.00
25: 0.00, 0.00, 1.00, 0.00
26: 0.00, 1.00, 0.00, 0.00
27: 1.00, 0.00, 0.00, 0.00
28: 0.00, 0.00, 1.00, 0.00
29: 0.00, 1.00, 0.00, 0.00
30: 0.36, 0.00, 0.64, 0.00
31: 1.00, 0.00, 0.00, 0.00
32: 1.00, 0.00, 0.00, 0.00
33: 1.00, 0.00, 0.00, 0.00
34: 0.00, 0.00, 1.00, 0.00
35: 0.00, 1.00, 0.00, 0.00


Step, Sequence, -log p(y|x), p(y|x)
    1, CCAAAAGGAGCAAAAGCAGCAAAAGCAGCAAAAGC,     9.7157,     0.0001
  781, CCAAAAGGAGCGAAAGCAGCGAAAGCAGCGAAAGC,    10.1676,     0.0000
  801, CCGAAAGGAGCGAAAGCAGCGAAAGCAGCGAAAGC,     9.3239,     0.0001

start
7008.9104
7000.4630
6942.3986
6508.6169
4004.0159
3988.2345
3812.9372
1892.3761
11.1719
11.1124
11.0530
10.9938
10.9348
10.8760
10.8174
10.7589
10.7006
10.6425
10.5846
10.5269
10.4694
10.4120
10.3548
10.2978
10.2410
10.1843
10.1278
10.0715
10.0154
9.9594
9.9036
9.8480
9.7925
9.7372
9.6820
9.6271
9.5722
9.5176
9.4631
9.4088
9.3546
9.3006
9.2468
9.1931
9.1396
9.0862
9.0330
8.9799
8.9270
8.8742
8.8216
8.7692
8.7169
8.6647
8.6127
8.5608
8.5091
8.4576
8.4061
8.3549
8.3037
8.2528
8.2019
8.1512
8.1007
8.0502
8.0000
7.9498
7.8998
7.8500
7.8002
7.7506
7.7012
7.6519
7.6027
7.5536
7.5047
7.4559
7.4073
7.3587
7.3103
7.2621
7.2139
7.1659
7.1180
7.0703
7.0226
6.9751
6.9277
6.8805
6.8333
6.7863
6.7394
6.6926
6.6460
6.5995
6.5530
6.5067
6.4606
6.4145
6.3685
6.3227
6.2770
6.2314
6.1859
6.1405
6.0953
6.0501
6.0051
5.9602
5.9153
5.8706
5.8260
5.7815
5.7371
5.6929
5.6487
5.6046
5.5607
5.5168
5.4731
5.4294
5.3859
5.3424
5.2991
5.2558
5.2127
5.1697
5.1267
5.0839
5.0411
4.9985
4.9559
4.9135
4.8711
4.8289
4.7867
4.7446
4.7105
4.6871
4.6683
4.6506
4.6329
4.6153
4.5976
4.5799
4.5622
4.5500
4.5389
4.5278
4.5167
4.5056
4.4945
4.4834
4.4723
4.4612
4.4501
4.4390
4.4278
4.4167
4.4056
4.3945
4.3834
4.3723
4.3612
4.3501
4.3390
4.3279
4.3167
4.3056
4.2945
4.2834
4.2723
4.2612
4.2501
4.2390
4.2279
4.2168
4.2057
4.1945
4.1834
4.1723
4.1612
4.1501
4.1390
4.1279
4.1172
4.1109
4.1075
4.1042
4.1008
4.0974
4.0941
4.0907
4.0873
4.0839
4.0806
4.0772
4.0738
4.0705
4.0671
4.0637
4.0604
4.0570
4.0536
4.0502
4.0469
4.0435
4.0401
4.0368
4.0334
4.0300
4.0267
4.0233
4.0199
4.0166
4.0132
4.0098
4.0064
4.0031
3.9997
3.9963
3.9930
3.9896
3.9862
3.9829
3.9795
3.9761
3.9727
3.9694
3.9660
3.9626
3.9593
3.9559
3.9525
3.9492
3.9458
3.9424
3.9390
3.9357
3.9323
3.9289
3.9256
3.9222
3.9188
3.9155
3.9121
3.9087
3.9054
3.9020
3.8986
3.8952
3.8919
3.8885
3.8851
3.8818
3.8784
3.8750
3.8717
3.8683
3.8649
3.8615
3.8582
3.8548
3.8514
3.8481
3.8447
3.8413
3.8380
3.8346
3.8312
3.8278
3.8245
3.8211
3.8177
3.8144
3.8110
3.8076
3.8043
3.8009
3.7975
3.7941
3.7908
3.7874
3.7840
3.7807
3.7773
3.7739
3.7706
3.7672
3.7638
3.7605
3.7571
3.7537
3.7503
3.7470
3.7436
3.7402
3.7369
3.7335
3.7301
3.7268
3.7234
3.7200
3.7166
3.7133
3.7099
3.7065
3.7032
3.6998
3.6964
3.6931
3.6897
3.6863
3.6829
3.6796
3.6762
3.6728
3.6695
3.6661
3.6627
3.6594
3.6560
3.6526
3.6493
3.6459
3.6425
3.6391
3.6358
3.6324
3.6290
3.6257
3.6223
3.6189
3.6156
3.6122
3.6088
3.6054
3.6021
3.5987
3.5953
3.5920
3.5886
3.5852
3.5819
3.5785
3.5751
3.5717
3.5684
3.5650
3.5616
3.5583
3.5549
3.5515
3.5482
3.5448
3.5414
3.5380
3.5347
3.5313
3.5279
3.5246
3.5212
3.5178
3.5145
3.5111
3.5077
3.5044
3.5010
3.4976
3.4942
3.4909
3.4875
3.4841
3.4808
3.4774
3.4740
3.4707
3.4673
3.4639
3.4605
3.4572
3.4538
3.4504
3.4471
3.4437
3.4403
3.4370
3.4336
3.4302
3.4268
3.4235
3.4201
3.4167
3.4134
3.4100
3.4066
3.4033
3.3999
3.3965
3.3932
3.3898
3.3864
3.3830
3.3797
3.3763
3.3729
3.3696
3.3662
3.3628
3.3595
3.3561
3.3527
3.3493
3.3460
3.3426
3.3392
3.3359
3.3325
3.3291
3.3258
3.3224
3.3190
3.3156
3.3123
3.3089
3.3055
3.3022
3.2988
3.2954
3.2921
3.2887
3.2853
3.2819
3.2786
3.2752
3.2718
3.2685
3.2651
3.2617
3.2584
3.2550
3.2516
3.2483
3.2449
3.2415
3.2381
3.2348
3.2314
3.2280
3.2247
3.2213
3.2179
3.2146
3.2112
3.2078
3.2044
3.2011
3.1977
3.1943
3.1910
3.1876
3.1842
3.1809
3.1775
3.1741
3.1707
3.1674
3.1640
3.1606
3.1573
3.1539
3.1505
3.1472
3.1438
3.1404
3.1371
3.1337
3.1303
3.1269
3.1236
3.1202
3.1168
3.1135
3.1101
3.1067
3.1034
3.1000
3.0966
3.0932
3.0899
3.0865
3.0831
3.0798
3.0764
3.0730
3.0697
3.0663
3.0629
3.0595
3.0562
3.0528
3.0494
3.0461
3.0427
3.0393
3.0360
3.0326
3.0292
3.0258
3.0225
3.0191
3.0157
3.0124
3.0090
3.0056
3.0023
2.9989
2.9955
2.9922
2.9888
2.9854
2.9820
2.9787
2.9753
2.9719
2.9686
2.9652
2.9618
2.9585
2.9551
2.9517
2.9483
2.9450
2.9416
2.9382
2.9349
2.9315
2.9281
2.9248
2.9214
2.9180
2.9146
2.9113
2.9079
2.9045
2.9012
2.8978
2.8944
2.8911
2.8877
2.8843
2.8810
2.8776
2.8742
2.8708
2.8675
2.8641
2.8607
2.8574
2.8540
2.8506
2.8473
2.8439
2.8405
2.8371
2.8338
2.8304
2.8270
2.8237
2.8203
2.8169
2.8136
2.8102
2.8068
2.8034
2.8001
2.7967
2.7933
2.7900
2.7866
2.7832
2.7799
2.7765
2.7731
2.7697
2.7664
2.7630
2.7596
2.7563
2.7529
2.7495
2.7462
2.7428
2.7394
2.7361
2.7327
2.7293
2.7259
2.7226
2.7192
2.7158
2.7125
2.7091
2.7057
2.7024
2.6990
2.6956
2.6922
2.6889
2.6855
2.6821
2.6788
2.6754
2.6720
2.6687
2.6653
2.6619
2.6585
2.6552
2.6518
2.6484
2.6451
2.6417
2.6383
2.6350
2.6316
2.6282
2.6248
2.6215
2.6181
2.6147
2.6114
2.6080
2.6046
2.6013
2.5979
2.5945
2.5912
2.5878
2.5844
2.5810
2.5777
2.5743
2.5709
2.5676
2.5642
2.5608
2.5575
2.5541
2.5507
2.5473
2.5440
2.5406
2.5372
2.5339
2.5305
2.5271
2.5238
2.5204
2.5170
2.5136
2.5103
2.5069
2.5035
2.5002
2.4968
2.4934
2.4901
2.4867
2.4833
2.4800
2.4766
2.4732
2.4698
2.4665
2.4631
2.4597
2.4564
2.4530
2.4496
2.4463
2.4429
2.4395
2.4361
2.4328
2.4294
2.4260
2.4227
2.4193
2.4159
2.4126
2.4092
2.4058
2.4024
2.3991
2.3957
2.3923
2.3890
2.3856
2.3822
2.3789
2.3755
2.3721
2.3687
2.3654
2.3620
2.3586
2.3553
2.3519
2.3485
2.3452
2.3418
2.3384
2.3351
2.3317
2.3283
2.3249
2.3216
2.3182
2.3148
2.3115
2.3081
2.3047
2.3014
2.2980
2.2946
2.2912
2.2879
2.2845
2.2811
2.2778
2.2744
2.2710
2.2677
2.2643
2.2609
2.2575
2.2542
2.2508
2.2474
2.2441
2.2407
2.2373
2.2340
2.2306
2.2272
2.2239
2.2205
2.2171
2.2137
2.2104
2.2070
2.2036
2.2003
2.1969
2.1935
2.1902
2.1868
2.1834
2.1800
2.1767
2.1733
2.1699
2.1666
2.1632
2.1598
2.1565
2.1531
2.1497
2.1463
2.1430
2.1396
2.1362
2.1329
2.1295
2.1261
2.1228
2.1194
2.1160
2.1126
2.1093
2.1059
2.1025
2.0992
2.0958
2.0924
2.0891
2.0857
2.0823
2.0790
2.0756
2.0722
2.0688
2.0655
2.0621
2.0587
2.0554
2.0520
2.0486
2.0453
2.0419
2.0385
2.0351
2.0318
2.0284
2.0250
2.0217
2.0183
2.0149
2.0116
2.0082
2.0048
2.0014
1.9981
1.9947
1.9913
1.9880
1.9846
1.9812
1.9779
1.9745
1.9711
1.9677
1.9644
1.9610
1.9576
1.9543
1.9509
1.9475
1.9442
1.9408
1.9374
1.9340
1.9307
1.9273
1.9239
1.9206
1.9172
1.9138
1.9105
1.9071
1.9037
1.9003
1.8970
1.8936
1.8902
1.8869
1.8835
1.8801
1.8767
1.8734
1.8700
1.8666
1.8633
1.8599
1.8565
1.8532
1.8498
1.8464
1.8430
1.8397
1.8363
1.8329
1.8296
1.8262
1.8228
1.8194
1.8161
1.8127
1.8093
1.8060
1.8026
1.7992
1.7958
1.7925
1.7891
1.7857
1.7824
1.7790
1.7756
1.7722
1.7689
1.7655
1.7621
1.7588
1.7554
1.7520
1.7486
1.7453
1.7419
1.7385
1.7352
1.7318
1.7284
1.7250
1.7217
1.7183
1.7149
1.7116
1.7082
1.7048
1.7014
1.6981
1.6947
1.6913
1.6879
1.6846
1.6812
1.6778
1.6745
1.6711
1.6677
1.6643
1.6610
1.6576
1.6542
1.6508
1.6475
1.6441
1.6407
1.6374
1.6340
1.6306
1.6272
1.6239
1.6205
1.6171
1.6137
1.6104
1.6070
1.6036
1.6002
1.5969
1.5935
1.5901
1.5868
1.5834
1.5800
1.5766
1.5733
1.5699
1.5665
1.5631
1.5598
1.5564
1.5530
1.5496
1.5463
1.5429
1.5395
1.5361
1.5328
1.5294
1.5260
1.5226
1.5193
1.5159
1.5125
1.5091
1.5058
1.5024
1.4990
1.4956
1.4923
1.4889
1.4855
1.4821
1.4788
1.4754
1.4720
1.4686
1.4653
1.4619
1.4585
1.4551
1.4517
1.4484
1.4450
1.4416
1.4382
1.4349
1.4315
1.4281
1.4247
1.4214
1.4180
1.4146
1.4112
1.4078
1.4045
1.4011
1.3977
1.3943
1.3910
1.3876
1.3842
1.3808
1.3774
1.3741
end

