Number of Steps:   1000, Learning Rate: 0.00100
Starting Distribution
0.25, 0.25, 0.25, 0.25
0.25, 0.25, 0.25, 0.25
0.25, 0.25, 0.25, 0.25
0.25, 0.25, 0.25, 0.25
0.00, 0.49, 0.51, 0.00
0.00, 0.51, 0.49, 0.00
0.00, 0.49, 0.51, 0.00
0.00, 0.51, 0.49, 0.00
0.00, 0.51, 0.49, 0.00
0.00, 0.51, 0.49, 0.00
0.00, 0.51, 0.49, 0.00
0.00, 0.51, 0.49, 0.00
0.25, 0.25, 0.25, 0.25
0.00, 0.49, 0.51, 0.00
0.25, 0.25, 0.25, 0.25
0.25, 0.25, 0.25, 0.25
0.25, 0.25, 0.25, 0.25
0.25, 0.25, 0.25, 0.25
0.00, 0.49, 0.51, 0.00
0.00, 0.51, 0.49, 0.00
0.25, 0.25, 0.25, 0.25
0.00, 0.49, 0.51, 0.00
0.25, 0.25, 0.25, 0.25
0.00, 0.51, 0.49, 0.00
0.25, 0.25, 0.25, 0.25
0.00, 0.51, 0.49, 0.00
0.00, 0.51, 0.49, 0.00
0.00, 0.51, 0.49, 0.00
0.00, 0.49, 0.51, 0.00
0.00, 0.51, 0.49, 0.00
0.25, 0.25, 0.25, 0.25
0.25, 0.25, 0.25, 0.25
0.25, 0.25, 0.25, 0.25
0.25, 0.25, 0.25, 0.25

Final Sequence
....((((((((.(....)).).).)))))....
AAAAGCGGGCCCACGAAGGGAGAGACCCGCAAAA

free energy of ensemble: -10.85217 kcal/mol, free energy: -7.30000 kcal/mol
log Q(x): 17.6080, deltaG / kT: -11.8445, -log p(y|x):   5.7635
p(y|x) =   0.0031

Final Distribution
 1: 0.25, 0.25, 0.25, 0.25
 2: 0.25, 0.25, 0.25, 0.25
 3: 0.25, 0.25, 0.25, 0.25
 4: 0.25, 0.25, 0.25, 0.25
 5: 0.00, 0.00, 1.00, 0.00
 6: 0.00, 1.00, 0.00, 0.00
 7: 0.00, 0.00, 1.00, 0.00
 8: 0.00, 0.00, 1.00, 0.00
 9: 0.00, 0.00, 1.00, 0.00
10: 0.00, 1.00, 0.00, 0.00
11: 0.00, 1.00, 0.00, 0.00
12: 0.00, 1.00, 0.00, 0.00
13: 0.25, 0.25, 0.25, 0.25
14: 0.00, 1.00, 0.00, 0.00
15: 0.00, 0.00, 1.00, 0.00
16: 0.25, 0.25, 0.25, 0.25
17: 0.25, 0.25, 0.25, 0.25
18: 0.46, 0.00, 0.54, 0.00
19: 0.00, 0.00, 1.00, 0.00
20: 0.00, 0.00, 1.00, 0.00
21: 0.25, 0.25, 0.25, 0.25
22: 0.00, 0.00, 1.00, 0.00
23: 0.25, 0.25, 0.25, 0.25
24: 0.00, 0.00, 1.00, 0.00
25: 0.25, 0.25, 0.25, 0.25
26: 0.00, 1.00, 0.00, 0.00
27: 0.00, 1.00, 0.00, 0.00
28: 0.00, 1.00, 0.00, 0.00
29: 0.00, 0.00, 1.00, 0.00
30: 0.00, 1.00, 0.00, 0.00
31: 0.25, 0.25, 0.25, 0.25
32: 0.25, 0.25, 0.25, 0.25
33: 0.25, 0.25, 0.25, 0.25
34: 0.25, 0.25, 0.25, 0.25


Total Time: 48.16 seconds.
Average Time: 0.0482 seconds.
Step, Sequence, -log p(y|x), p(y|x)
    0, AAAAGCGCCCCCACAAAAGGAGAGAGGCGCAAAA,     4.1461,     0.0158
    1, AAAAGCGGCCCCACGAAAGGAGAGAGCCGCAAAA,     3.2663,     0.0381
   26, AAAAGCGGGCCCACGAAGGGAGAGACCCGCAAAA,     5.7635,     0.0031

start
6999.7192
6994.7979
6970.0473
6811.1704
5894.3152
4379.9541
4239.4969
4207.2723
3968.7882
3496.0846
3475.9148
3274.1461
2160.2312
999.3455
999.2800
999.2145
999.1488
999.0817
999.0002
998.7783
997.0313
978.5494
776.4517
-1.9852
-2.0767
-2.1681
-2.2593
-2.3503
-2.4412
-2.5319
-2.6224
-2.7127
-2.8028
-2.8928
-2.9826
-3.0722
-3.1616
-3.2509
-3.3400
-3.4290
-3.5177
-3.6063
-3.6948
-3.7831
-3.8712
-3.9591
-4.0469
-4.1345
-4.2220
-4.3093
-4.3964
-4.4834
-4.5703
-4.6569
-4.7435
-4.8298
-4.9160
-5.0021
-5.0880
-5.1738
-5.2594
-5.3448
-5.4301
-5.5153
-5.6003
-5.6852
-5.7699
-5.8545
-5.9389
-6.0232
-6.1074
-6.1914
-6.2753
-6.3590
-6.4426
-6.5261
-6.6094
-6.6926
-6.7756
-6.8585
-6.9413
-7.0239
-7.1065
-7.1888
-7.2711
-7.3532
-7.4352
-7.5171
-7.5988
-7.6804
-7.7619
-7.8433
-7.9245
-8.0056
-8.0866
-8.1674
-8.2482
-8.3288
-8.4093
-8.4897
-8.5699
-8.6501
-8.7301
-8.8100
-8.8898
-8.9695
-9.0490
-9.1285
-9.2078
-9.2870
-9.3661
-9.4375
-9.5045
-9.5714
-9.6289
-9.6738
-9.7187
-9.7603
-9.7934
-9.8264
-9.8594
-9.8923
-9.9252
-9.9580
-9.9841
-10.0073
-10.0304
-10.0534
-10.0732
-10.0903
-10.1074
-10.1245
-10.1416
-10.1587
-10.1758
-10.1929
-10.2100
-10.2272
-10.2443
-10.2615
-10.2768
-10.2876
-10.2983
-10.3091
-10.3199
-10.3307
-10.3415
-10.3470
-10.3509
-10.3548
-10.3587
-10.3626
-10.3665
-10.3704
-10.3743
-10.3782
-10.3822
-10.3861
-10.3900
-10.3939
-10.3978
-10.4017
-10.4056
-10.4096
-10.4135
-10.4174
-10.4213
-10.4252
-10.4292
-10.4331
-10.4370
-10.4409
-10.4449
-10.4488
-10.4527
-10.4567
-10.4606
-10.4645
-10.4685
-10.4724
-10.4763
-10.4803
-10.4842
-10.4882
-10.4921
-10.4960
-10.5000
-10.5039
-10.5079
-10.5107
-10.5121
-10.5134
-10.5148
-10.5162
-10.5176
-10.5189
-10.5203
-10.5217
-10.5231
-10.5245
-10.5259
-10.5272
-10.5286
-10.5300
-10.5314
-10.5328
-10.5342
-10.5356
-10.5370
-10.5384
-10.5398
-10.5412
-10.5426
-10.5440
-10.5454
-10.5468
-10.5482
-10.5496
-10.5510
-10.5524
-10.5539
-10.5553
-10.5567
-10.5581
-10.5595
-10.5609
-10.5624
-10.5638
-10.5652
-10.5666
-10.5681
-10.5695
-10.5709
-10.5724
-10.5738
-10.5753
-10.5767
-10.5781
-10.5796
-10.5810
-10.5825
-10.5839
-10.5854
-10.5868
-10.5883
-10.5897
-10.5912
-10.5926
-10.5941
-10.5956
-10.5970
-10.5985
-10.6000
-10.6014
-10.6029
-10.6044
-10.6058
-10.6073
-10.6088
-10.6103
-10.6118
-10.6132
-10.6147
-10.6162
-10.6177
-10.6192
-10.6207
-10.6222
-10.6237
-10.6252
-10.6267
-10.6282
-10.6297
-10.6312
-10.6327
-10.6342
-10.6357
-10.6372
-10.6388
-10.6403
-10.6418
-10.6433
-10.6448
-10.6464
-10.6479
-10.6494
-10.6510
-10.6525
-10.6540
-10.6556
-10.6571
-10.6586
-10.6602
-10.6617
-10.6633
-10.6648
-10.6664
-10.6679
-10.6695
-10.6711
-10.6726
-10.6742
-10.6758
-10.6773
-10.6789
-10.6805
-10.6820
-10.6836
-10.6852
-10.6868
-10.6884
-10.6900
-10.6915
-10.6931
-10.6947
-10.6963
-10.6979
-10.6995
-10.7011
-10.7027
-10.7043
-10.7059
-10.7076
-10.7092
-10.7108
-10.7124
-10.7140
-10.7157
-10.7173
-10.7189
-10.7205
-10.7222
-10.7238
-10.7255
-10.7271
-10.7287
-10.7304
-10.7320
-10.7337
-10.7353
-10.7370
-10.7385
-10.7393
-10.7402
-10.7411
-10.7420
-10.7428
-10.7437
-10.7446
-10.7455
-10.7464
-10.7473
-10.7482
-10.7491
-10.7500
-10.7509
-10.7518
-10.7527
-10.7536
-10.7545
-10.7554
-10.7564
-10.7573
-10.7582
-10.7591
-10.7601
-10.7610
-10.7619
-10.7629
-10.7638
-10.7647
-10.7657
-10.7666
-10.7676
-10.7685
-10.7695
-10.7704
-10.7714
-10.7724
-10.7733
-10.7743
-10.7753
-10.7763
-10.7772
-10.7782
-10.7792
-10.7802
-10.7812
-10.7822
-10.7832
-10.7842
-10.7852
-10.7862
-10.7872
-10.7882
-10.7892
-10.7902
-10.7912
-10.7922
-10.7933
-10.7943
-10.7953
-10.7963
-10.7974
-10.7984
-10.7995
-10.8005
-10.8016
-10.8026
-10.8037
-10.8047
-10.8058
-10.8068
-10.8079
-10.8090
-10.8101
-10.8111
-10.8122
-10.8133
-10.8144
-10.8155
-10.8166
-10.8177
-10.8188
-10.8199
-10.8210
-10.8221
-10.8232
-10.8243
-10.8254
-10.8266
-10.8277
-10.8288
-10.8299
-10.8311
-10.8322
-10.8334
-10.8345
-10.8357
-10.8368
-10.8380
-10.8391
-10.8403
-10.8415
-10.8427
-10.8438
-10.8450
-10.8462
-10.8474
-10.8486
-10.8498
-10.8510
-10.8522
-10.8534
-10.8546
-10.8558
-10.8570
-10.8582
-10.8595
-10.8607
-10.8619
-10.8632
-10.8644
-10.8657
-10.8669
-10.8682
-10.8694
-10.8707
-10.8719
-10.8732
-10.8745
-10.8758
-10.8770
-10.8783
-10.8796
-10.8809
-10.8822
-10.8835
-10.8848
-10.8861
-10.8874
-10.8888
-10.8901
-10.8914
-10.8927
-10.8941
-10.8954
-10.8968
-10.8981
-10.8995
-10.9008
-10.9022
-10.9035
-10.9049
-10.9063
-10.9077
-10.9090
-10.9104
-10.9118
-10.9132
-10.9146
-10.9160
-10.9174
-10.9189
-10.9203
-10.9217
-10.9231
-10.9246
-10.9260
-10.9275
-10.9289
-10.9304
-10.9318
-10.9333
-10.9348
-10.9362
-10.9377
-10.9392
-10.9407
-10.9422
-10.9437
-10.9452
-10.9467
-10.9482
-10.9497
-10.9512
-10.9528
-10.9543
-10.9558
-10.9574
-10.9589
-10.9605
-10.9620
-10.9636
-10.9652
-10.9667
-10.9683
-10.9699
-10.9715
-10.9731
-10.9747
-10.9763
-10.9779
-10.9795
-10.9811
-10.9828
-10.9844
-10.9860
-10.9877
-10.9893
-10.9910
-10.9926
-10.9943
-10.9960
-10.9977
-10.9994
-11.0010
-11.0027
-11.0044
-11.0061
-11.0079
-11.0096
-11.0113
-11.0130
-11.0148
-11.0165
-11.0183
-11.0200
-11.0218
-11.0235
-11.0253
-11.0271
-11.0289
-11.0307
-11.0325
-11.0343
-11.0361
-11.0379
-11.0397
-11.0415
-11.0434
-11.0452
-11.0470
-11.0489
-11.0508
-11.0526
-11.0545
-11.0564
-11.0583
-11.0601
-11.0620
-11.0639
-11.0659
-11.0678
-11.0697
-11.0716
-11.0736
-11.0755
-11.0775
-11.0794
-11.0814
-11.0834
-11.0853
-11.0873
-11.0893
-11.0913
-11.0933
-11.0953
-11.0973
-11.0994
-11.1014
-11.1034
-11.1055
-11.1075
-11.1096
-11.1117
-11.1137
-11.1158
-11.1179
-11.1200
-11.1221
-11.1242
-11.1264
-11.1285
-11.1306
-11.1328
-11.1349
-11.1371
-11.1392
-11.1414
-11.1436
-11.1458
-11.1480
-11.1502
-11.1524
-11.1546
-11.1568
-11.1591
-11.1613
-11.1636
-11.1658
-11.1681
-11.1704
-11.1726
-11.1749
-11.1772
-11.1795
-11.1819
-11.1842
-11.1865
-11.1888
-11.1912
-11.1935
-11.1959
-11.1983
-11.2007
-11.2031
-11.2055
-11.2079
-11.2103
-11.2127
-11.2151
-11.2176
-11.2200
-11.2225
-11.2249
-11.2274
-11.2299
-11.2324
-11.2349
-11.2374
-11.2399
-11.2425
-11.2450
-11.2475
-11.2501
-11.2527
-11.2552
-11.2578
-11.2604
-11.2630
-11.2656
-11.2682
-11.2709
-11.2735
-11.2762
-11.2788
-11.2815
-11.2842
-11.2869
-11.2895
-11.2923
-11.2950
-11.2977
-11.3004
-11.3032
-11.3059
-11.3087
-11.3115
-11.3143
-11.3171
-11.3199
-11.3227
-11.3255
-11.3283
-11.3312
-11.3340
-11.3369
-11.3398
-11.3427
-11.3450
-11.3471
-11.3491
-11.3512
-11.3532
-11.3553
-11.3573
-11.3594
-11.3615
-11.3636
-11.3657
-11.3677
-11.3698
-11.3719
-11.3740
-11.3761
-11.3782
-11.3803
-11.3825
-11.3845
-11.3862
-11.3879
-11.3896
-11.3913
-11.3930
-11.3947
-11.3965
-11.3982
-11.3999
-11.4016
-11.4033
-11.4051
-11.4068
-11.4085
-11.4103
-11.4120
-11.4138
-11.4155
-11.4173
-11.4190
-11.4208
-11.4225
-11.4243
-11.4261
-11.4278
-11.4296
-11.4314
-11.4332
-11.4349
-11.4367
-11.4385
-11.4403
-11.4421
-11.4439
-11.4457
-11.4475
-11.4493
-11.4511
-11.4529
-11.4547
-11.4565
-11.4584
-11.4602
-11.4620
-11.4638
-11.4657
-11.4675
-11.4694
-11.4712
-11.4730
-11.4749
-11.4767
-11.4786
-11.4805
-11.4823
-11.4842
-11.4861
-11.4879
-11.4898
-11.4917
-11.4936
-11.4954
-11.4973
-11.4992
-11.5011
-11.5030
-11.5049
-11.5068
-11.5087
-11.5106
-11.5125
-11.5145
-11.5164
-11.5183
-11.5202
-11.5222
-11.5241
-11.5260
-11.5280
-11.5299
-11.5319
-11.5338
-11.5358
-11.5377
-11.5397
-11.5416
-11.5436
-11.5456
-11.5475
-11.5495
-11.5515
-11.5535
-11.5555
-11.5575
-11.5595
-11.5614
-11.5634
-11.5655
-11.5675
-11.5695
-11.5715
-11.5735
-11.5755
-11.5775
-11.5796
-11.5816
-11.5836
-11.5857
-11.5877
-11.5898
-11.5918
-11.5939
-11.5959
-11.5980
-11.6000
-11.6021
-11.6042
-11.6062
-11.6083
-11.6104
-11.6125
-11.6146
-11.6167
-11.6188
-11.6209
-11.6230
-11.6251
-11.6272
-11.6293
-11.6314
-11.6335
-11.6356
-11.6378
-11.6399
-11.6420
-11.6442
-11.6463
-11.6485
-11.6506
-11.6528
-11.6549
-11.6571
-11.6592
-11.6614
-11.6636
-11.6658
-11.6669
-11.6680
-11.6691
-11.6702
-11.6713
-11.6724
-11.6735
-11.6745
-11.6756
-11.6767
-11.6778
-11.6789
-11.6800
-11.6811
-11.6822
-11.6833
-11.6844
-11.6854
-11.6865
-11.6876
-11.6887
-11.6898
-11.6909
-11.6920
-11.6931
-11.6942
-11.6953
-11.6964
-11.6974
-11.6985
-11.6996
-11.7007
-11.7018
-11.7029
-11.7040
-11.7051
-11.7062
-11.7073
-11.7084
-11.7094
-11.7105
-11.7116
-11.7127
-11.7138
-11.7149
-11.7160
-11.7171
-11.7182
-11.7193
-11.7204
-11.7215
-11.7226
-11.7236
-11.7247
-11.7258
-11.7269
-11.7280
-11.7291
-11.7302
-11.7313
-11.7324
-11.7335
-11.7346
-11.7357
-11.7368
-11.7379
-11.7390
-11.7400
-11.7411
-11.7422
-11.7433
-11.7444
-11.7455
-11.7466
-11.7477
-11.7488
-11.7499
-11.7510
-11.7521
-11.7532
-11.7543
-11.7554
-11.7565
-11.7576
-11.7586
-11.7597
-11.7608
-11.7619
-11.7630
-11.7641
-11.7652
-11.7663
-11.7674
-11.7685
-11.7690
-11.7690
-11.7690
-11.7690
-11.7690
-11.7690
-11.7690
-11.7690
-11.7691
-11.7691
-11.7691
-11.7691
-11.7691
-11.7691
-11.7691
-11.7692
-11.7692
-11.7692
-11.7692
-11.7692
-11.7692
-11.7692
-11.7692
-11.7693
-11.7693
-11.7693
-11.7693
-11.7693
-11.7693
-11.7693
end

