Num Steps:   1000, Learning Rate: 0.001000
Starting Distribution
0.25, 0.25, 0.25, 0.25
0.25, 0.25, 0.25, 0.25
0.25, 0.25, 0.25, 0.25
0.25, 0.25, 0.25, 0.25
0.25, 0.25, 0.25, 0.25
0.25, 0.25, 0.25, 0.25
0.25, 0.25, 0.25, 0.25
0.25, 0.25, 0.25, 0.25
0.25, 0.25, 0.25, 0.25
0.25, 0.25, 0.25, 0.25
0.25, 0.25, 0.25, 0.25
0.25, 0.25, 0.25, 0.25

Final Sequence
((((...)))).
GGCCAAAGGCCA

free energy of ensemble: -4.61237 kcal/mol, free energy: -4.60000 kcal/mol
log Q(x): 7.4837, deltaG / kT:  -7.4636, -log p(y|x):   0.0201
p(y|x) =   0.9801

Final Distribution
 1: 0.00, 0.00, 1.00, 0.00
 2: 0.00, 0.00, 1.00, 0.00
 3: 0.00, 1.00, 0.00, 0.00
 4: 0.00, 1.00, 0.00, 0.00
 5: 0.25, 0.25, 0.25, 0.25
 6: 0.25, 0.25, 0.25, 0.25
 7: 0.25, 0.25, 0.25, 0.25
 8: 0.00, 0.00, 1.00, 0.00
 9: 0.00, 0.00, 1.00, 0.00
10: 0.00, 1.00, 0.00, 0.00
11: 0.00, 1.00, 0.00, 0.00
12: 0.25, 0.25, 0.25, 0.25


Step, Sequence, -log p(y|x), p(y|x)
    1, GUUUAAAGGGUA,    10.0632,     0.0000
   21, GGUUAAAGGUUA,    10.0655,     0.0000
  121, GGCUAAAGGCUA,     0.2236,     0.7996
  281, GGCUAAAGGCCA,     0.1071,     0.8984
  421, GGCCAAAGGCCA,     0.0201,     0.9801

start
3830.5258
3384.5672
3284.3477
3261.9314
3256.6158
3255.2029
3253.9588
3247.5362
3198.2991
2811.9775
1769.3918
1480.6557
81.9678
6.8073
6.7379
6.6688
6.6000
6.5314
6.4632
6.3953
6.3276
6.2603
6.1932
6.1264
6.0599
5.9937
5.9277
5.8620
5.7966
5.7315
5.6667
5.6021
5.5378
5.4738
5.4100
5.3465
5.2833
5.2203
5.1576
5.0951
5.0330
4.9710
4.9094
4.8480
4.7868
4.7259
4.6653
4.6049
4.5448
4.4849
4.4253
4.3659
4.3068
4.2479
4.1892
4.1308
4.0727
4.0147
3.9571
3.8996
3.8424
3.7854
3.7287
3.6722
3.6159
3.5599
3.5041
3.4485
3.3932
3.3381
3.2832
3.2285
3.1741
3.1199
3.0659
3.0121
2.9586
2.9052
2.8521
2.7992
2.7465
2.6941
2.6418
2.5898
2.5380
2.4864
2.4349
2.3838
2.3328
2.2820
2.2314
2.1810
2.1309
2.0809
2.0312
1.9816
1.9323
1.8831
1.8341
1.7854
1.7368
1.6884
1.6403
1.5923
1.5445
1.4969
1.4495
1.4023
1.3553
1.3084
1.2618
1.2153
1.1691
1.1230
1.0771
1.0313
0.9858
0.9404
0.8953
0.8503
0.8054
0.7608
0.7163
0.6721
0.6279
0.5840
0.5402
0.4966
0.4532
0.4100
0.3669
0.3240
0.2813
0.2387
0.1963
0.1541
0.1120
0.0701
0.0283
-0.0132
-0.0547
-0.0959
-0.1370
-0.1779
-0.2187
-0.2593
-0.2998
-0.3401
-0.3802
-0.4202
-0.4600
-0.4997
-0.5392
-0.5786
-0.6178
-0.6569
-0.6958
-0.7345
-0.7731
-0.8116
-0.8499
-0.8881
-0.9261
-0.9640
-1.0017
-1.0393
-1.0768
-1.1141
-1.1512
-1.1882
-1.2251
-1.2618
-1.2984
-1.3349
-1.3712
-1.4074
-1.4434
-1.4793
-1.5151
-1.5507
-1.5862
-1.6216
-1.6568
-1.6919
-1.7269
-1.7617
-1.7964
-1.8310
-1.8655
-1.8998
-1.9340
-1.9680
-2.0019
-2.0358
-2.0694
-2.1030
-2.1364
-2.1697
-2.2029
-2.2360
-2.2689
-2.3017
-2.3344
-2.3670
-2.3994
-2.4318
-2.4640
-2.4961
-2.5281
-2.5599
-2.5917
-2.6233
-2.6548
-2.6862
-2.7175
-2.7486
-2.7797
-2.8106
-2.8415
-2.8722
-2.9028
-2.9333
-2.9637
-2.9939
-3.0241
-3.0542
-3.0841
-3.1140
-3.1437
-3.1733
-3.2028
-3.2322
-3.2616
-3.2908
-3.3199
-3.3489
-3.3778
-3.4065
-3.4352
-3.4638
-3.4923
-3.5207
-3.5490
-3.5772
-3.6052
-3.6332
-3.6611
-3.6889
-3.7166
-3.7442
-3.7717
-3.7991
-3.8264
-3.8536
-3.8807
-3.9078
-3.9347
-3.9615
-3.9883
-4.0149
-4.0415
-4.0679
-4.0943
-4.1206
-4.1468
-4.1729
-4.1989
-4.2248
-4.2507
-4.2764
-4.3021
-4.3276
-4.3531
-4.3785
-4.4038
-4.4291
-4.4542
-4.4793
-4.5042
-4.5291
-4.5539
-4.5786
-4.6033
-4.6278
-4.6523
-4.6767
-4.7010
-4.7252
-4.7494
-4.7735
-4.7974
-4.8213
-4.8452
-4.8689
-4.8926
-4.9162
-4.9377
-4.9521
-4.9666
-4.9749
-4.9806
-4.9863
-4.9920
-4.9977
-5.0034
-5.0091
-5.0148
-5.0205
-5.0262
-5.0319
-5.0376
-5.0433
-5.0490
-5.0547
-5.0604
-5.0661
-5.0718
-5.0775
-5.0832
-5.0889
-5.0946
-5.1003
-5.1060
-5.1117
-5.1174
-5.1231
-5.1288
-5.1345
-5.1402
-5.1459
-5.1516
-5.1573
-5.1630
-5.1687
-5.1744
-5.1801
-5.1858
-5.1915
-5.1972
-5.2028
-5.2085
-5.2142
-5.2199
-5.2256
-5.2313
-5.2370
-5.2427
-5.2484
-5.2541
-5.2598
-5.2655
-5.2712
-5.2769
-5.2826
-5.2883
-5.2940
-5.2997
-5.3054
-5.3111
-5.3168
-5.3225
-5.3282
-5.3339
-5.3396
-5.3453
-5.3510
-5.3567
-5.3624
-5.3681
-5.3738
-5.3795
-5.3852
-5.3909
-5.3966
-5.4023
-5.4080
-5.4137
-5.4194
-5.4251
-5.4308
-5.4365
-5.4422
-5.4479
-5.4536
-5.4593
-5.4650
-5.4707
-5.4764
-5.4821
-5.4878
-5.4935
-5.4992
-5.5049
-5.5106
-5.5163
-5.5220
-5.5277
-5.5334
-5.5391
-5.5448
-5.5505
-5.5562
-5.5619
-5.5676
-5.5733
-5.5790
-5.5847
-5.5904
-5.5961
-5.6018
-5.6075
-5.6132
-5.6189
-5.6246
-5.6303
-5.6360
-5.6417
-5.6474
-5.6531
-5.6588
-5.6645
-5.6702
-5.6759
-5.6816
-5.6873
-5.6930
-5.6987
-5.7044
-5.7101
-5.7158
-5.7215
-5.7272
-5.7329
-5.7386
-5.7443
-5.7500
-5.7557
-5.7614
-5.7671
-5.7728
-5.7785
-5.7842
-5.7899
-5.7956
-5.8013
-5.8070
-5.8127
-5.8184
-5.8241
-5.8298
-5.8355
-5.8412
-5.8469
-5.8526
-5.8583
-5.8640
-5.8697
-5.8754
-5.8811
-5.8868
-5.8925
-5.8982
-5.9039
-5.9096
-5.9153
-5.9210
-5.9267
-5.9324
-5.9381
-5.9438
-5.9495
-5.9552
-5.9609
-5.9666
-5.9723
-5.9780
-5.9837
-5.9894
-5.9951
-6.0008
-6.0065
-6.0122
-6.0179
-6.0236
-6.0293
-6.0350
-6.0407
-6.0464
-6.0521
-6.0578
-6.0635
-6.0692
-6.0749
-6.0806
-6.0863
-6.0920
-6.0977
-6.1034
-6.1091
-6.1148
-6.1205
-6.1262
-6.1319
-6.1376
-6.1433
-6.1490
-6.1547
-6.1604
-6.1661
-6.1718
-6.1775
-6.1832
-6.1889
-6.1946
-6.2003
-6.2060
-6.2117
-6.2174
-6.2231
-6.2288
-6.2345
-6.2402
-6.2459
-6.2516
-6.2573
-6.2630
-6.2687
-6.2744
-6.2801
-6.2858
-6.2915
-6.2972
-6.3029
-6.3086
-6.3143
-6.3200
-6.3257
-6.3314
-6.3371
-6.3428
-6.3485
-6.3542
-6.3599
-6.3656
-6.3713
-6.3770
-6.3827
-6.3884
-6.3941
-6.3998
-6.4055
-6.4112
-6.4169
-6.4226
-6.4283
-6.4340
-6.4397
-6.4454
-6.4511
-6.4568
-6.4625
-6.4682
-6.4739
-6.4796
-6.4853
-6.4910
-6.4967
-6.5024
-6.5081
-6.5138
-6.5195
-6.5252
-6.5309
-6.5366
-6.5423
-6.5480
-6.5537
-6.5594
-6.5651
-6.5708
-6.5765
-6.5822
-6.5879
-6.5936
-6.5993
-6.6050
-6.6107
-6.6164
-6.6221
-6.6277
-6.6334
-6.6391
-6.6448
-6.6505
-6.6562
-6.6619
-6.6676
-6.6733
-6.6790
-6.6847
-6.6904
-6.6961
-6.7018
-6.7075
-6.7132
-6.7189
-6.7246
-6.7303
-6.7360
-6.7417
-6.7474
-6.7531
-6.7588
-6.7645
-6.7702
-6.7759
-6.7816
-6.7873
-6.7930
-6.7987
-6.8044
-6.8101
-6.8158
-6.8215
-6.8272
-6.8329
-6.8386
-6.8443
-6.8500
-6.8557
-6.8614
-6.8671
-6.8728
-6.8785
-6.8842
-6.8899
-6.8956
-6.9013
-6.9070
-6.9127
-6.9149
-6.9168
-6.9187
-6.9206
-6.9225
-6.9244
-6.9263
-6.9282
-6.9301
-6.9320
-6.9339
-6.9358
-6.9377
-6.9396
-6.9415
-6.9434
-6.9452
-6.9471
-6.9490
-6.9509
-6.9528
-6.9547
-6.9566
-6.9585
-6.9604
-6.9623
-6.9642
-6.9661
-6.9680
-6.9699
-6.9718
-6.9737
-6.9756
-6.9775
-6.9794
-6.9813
-6.9832
-6.9851
-6.9869
-6.9888
-6.9907
-6.9926
-6.9945
-6.9964
-6.9983
-7.0002
-7.0021
-7.0040
-7.0059
-7.0078
-7.0097
-7.0116
-7.0135
-7.0154
-7.0173
-7.0192
-7.0211
-7.0230
-7.0249
-7.0268
-7.0286
-7.0305
-7.0324
-7.0343
-7.0362
-7.0381
-7.0400
-7.0419
-7.0438
-7.0457
-7.0476
-7.0495
-7.0514
-7.0533
-7.0552
-7.0571
-7.0590
-7.0609
-7.0628
-7.0647
-7.0666
-7.0685
-7.0704
-7.0722
-7.0741
-7.0760
-7.0779
-7.0798
-7.0817
-7.0836
-7.0855
-7.0874
-7.0893
-7.0912
-7.0931
-7.0950
-7.0969
-7.0988
-7.1007
-7.1026
-7.1045
-7.1064
-7.1083
-7.1102
-7.1121
-7.1139
-7.1158
-7.1177
-7.1196
-7.1215
-7.1234
-7.1253
-7.1272
-7.1291
-7.1310
-7.1329
-7.1348
-7.1367
-7.1386
-7.1405
-7.1424
-7.1443
-7.1462
-7.1481
-7.1500
-7.1519
-7.1538
-7.1556
-7.1575
-7.1594
-7.1613
-7.1632
-7.1651
-7.1670
-7.1689
-7.1708
-7.1727
-7.1746
-7.1765
-7.1784
-7.1803
-7.1822
-7.1841
-7.1860
-7.1879
-7.1898
-7.1917
-7.1936
-7.1955
-7.1973
-7.1992
-7.2011
-7.2030
-7.2049
-7.2068
-7.2087
-7.2106
-7.2125
-7.2144
-7.2163
-7.2182
-7.2201
-7.2220
-7.2239
-7.2258
-7.2277
-7.2296
-7.2315
-7.2334
-7.2353
-7.2372
-7.2390
-7.2409
-7.2428
-7.2447
-7.2466
-7.2485
-7.2504
-7.2523
-7.2542
-7.2561
-7.2580
-7.2599
-7.2618
-7.2637
-7.2656
-7.2675
-7.2694
-7.2713
-7.2732
-7.2751
-7.2770
-7.2789
-7.2807
-7.2826
-7.2845
-7.2864
-7.2883
-7.2902
-7.2921
-7.2940
-7.2959
-7.2978
-7.2997
-7.3016
-7.3035
-7.3054
-7.3073
-7.3092
-7.3111
-7.3130
-7.3149
-7.3168
-7.3187
-7.3206
-7.3224
-7.3243
-7.3262
-7.3281
-7.3300
-7.3319
-7.3338
-7.3357
-7.3376
-7.3395
-7.3414
-7.3433
-7.3452
-7.3471
-7.3490
-7.3509
-7.3528
-7.3547
-7.3566
-7.3585
-7.3604
-7.3623
-7.3641
-7.3660
-7.3679
-7.3698
-7.3717
-7.3736
-7.3755
-7.3774
-7.3793
-7.3812
-7.3831
-7.3850
-7.3869
-7.3888
-7.3907
-7.3926
-7.3945
-7.3964
-7.3983
-7.4002
-7.4021
-7.4040
-7.4058
-7.4077
-7.4096
-7.4115
-7.4134
-7.4153
-7.4172
-7.4191
-7.4210
-7.4229
-7.4248
-7.4267
-7.4286
-7.4305
-7.4324
-7.4343
-7.4362
-7.4381
-7.4400
-7.4419
-7.4438
-7.4457
-7.4476
-7.4494
-7.4513
-7.4532
-7.4551
-7.4570
-7.4589
-7.4608
-7.4627
-7.4636
-7.4636
end

Total Time: 0.12 seconds.
Average Time: 0.0001 seconds.
