Number of Steps:   1000, Learning Rate: 0.00100
Starting Distribution
0.00, 0.49, 0.51, 0.00
0.00, 0.51, 0.49, 0.00
0.00, 0.51, 0.49, 0.00
0.00, 0.49, 0.51, 0.00
0.00, 0.49, 0.51, 0.00
0.00, 0.49, 0.51, 0.00
0.25, 0.25, 0.25, 0.25
0.00, 0.51, 0.49, 0.00
0.00, 0.49, 0.51, 0.00
0.00, 0.51, 0.49, 0.00
0.00, 0.49, 0.51, 0.00
0.25, 0.25, 0.25, 0.25
0.25, 0.25, 0.25, 0.25
0.25, 0.25, 0.25, 0.25
0.25, 0.25, 0.25, 0.25
0.00, 0.49, 0.51, 0.00
0.00, 0.49, 0.51, 0.00
0.00, 0.49, 0.51, 0.00
0.00, 0.49, 0.51, 0.00
0.00, 0.49, 0.51, 0.00
0.00, 0.49, 0.51, 0.00
0.00, 0.49, 0.51, 0.00
0.25, 0.25, 0.25, 0.25
0.00, 0.49, 0.51, 0.00
0.00, 0.49, 0.51, 0.00
0.00, 0.51, 0.49, 0.00
0.25, 0.25, 0.25, 0.25
0.25, 0.25, 0.25, 0.25
0.25, 0.25, 0.25, 0.25
0.25, 0.25, 0.25, 0.25
0.25, 0.25, 0.25, 0.25
0.25, 0.25, 0.25, 0.25
0.25, 0.25, 0.25, 0.25
0.25, 0.25, 0.25, 0.25
0.25, 0.25, 0.25, 0.25
0.25, 0.25, 0.25, 0.25

Final Sequence
((((((.((((....))))))).)))..........
GCCCCCACCCCGAAGGGGGGGGAGGCAAAAAAAAAA

free energy of ensemble: -19.15034 kcal/mol, free energy: -19.00000 kcal/mol
log Q(x): 31.0720, deltaG / kT: -30.8281, -log p(y|x):   0.2439
p(y|x) =   0.7835

Final Distribution
 1: 0.00, 0.00, 1.00, 0.00
 2: 0.00, 1.00, 0.00, 0.00
 3: 0.00, 1.00, 0.00, 0.00
 4: 0.00, 1.00, 0.00, 0.00
 5: 0.00, 1.00, 0.00, 0.00
 6: 0.00, 1.00, 0.00, 0.00
 7: 0.25, 0.25, 0.25, 0.25
 8: 0.00, 1.00, 0.00, 0.00
 9: 0.00, 1.00, 0.00, 0.00
10: 0.00, 1.00, 0.00, 0.00
11: 0.00, 1.00, 0.00, 0.00
12: 0.00, 0.00, 1.00, 0.00
13: 0.25, 0.25, 0.25, 0.25
14: 0.25, 0.25, 0.25, 0.25
15: 0.46, 0.00, 0.54, 0.00
16: 0.00, 0.00, 1.00, 0.00
17: 0.00, 0.00, 1.00, 0.00
18: 0.00, 0.00, 1.00, 0.00
19: 0.00, 0.00, 1.00, 0.00
20: 0.00, 0.00, 1.00, 0.00
21: 0.00, 0.00, 1.00, 0.00
22: 0.00, 0.00, 1.00, 0.00
23: 0.25, 0.25, 0.25, 0.25
24: 0.00, 0.00, 1.00, 0.00
25: 0.00, 0.00, 1.00, 0.00
26: 0.00, 1.00, 0.00, 0.00
27: 0.25, 0.25, 0.25, 0.25
28: 0.25, 0.25, 0.25, 0.25
29: 0.25, 0.25, 0.25, 0.25
30: 0.25, 0.25, 0.25, 0.25
31: 0.25, 0.25, 0.25, 0.25
32: 0.25, 0.25, 0.25, 0.25
33: 0.25, 0.25, 0.25, 0.25
34: 0.25, 0.25, 0.25, 0.25
35: 0.25, 0.25, 0.25, 0.25
36: 0.25, 0.25, 0.25, 0.25


Total Time: 62.05 seconds.
Average Time: 0.0620 seconds.
Step, Sequence, -log p(y|x), p(y|x)
    0, GCCCCCACCCCAAAAGGGGGGGAGGCAAAAAAAAAA,     0.0495,     0.9517
    1, GCCCCCACCCCGAAAGGGGGGGAGGCAAAAAAAAAA,     0.0376,     0.9631
   26, GCCCCCACCCCGAAGGGGGGGGAGGCAAAAAAAAAA,     0.2439,     0.7835

start
7745.1803
7739.6583
7711.4569
7536.8342
6546.5045
4688.3932
4476.6489
4366.2716
3484.3428
3440.4432
2969.9680
2257.9306
1191.3208
985.0760
984.9235
984.1047
975.9472
886.9688
16.4526
-19.2894
-19.3943
-19.4992
-19.6041
-19.7090
-19.8138
-19.9186
-20.0234
-20.1282
-20.2330
-20.3377
-20.4425
-20.5472
-20.6519
-20.7566
-20.8612
-20.9659
-21.0706
-21.1752
-21.2798
-21.3844
-21.4890
-21.5936
-21.6982
-21.8027
-21.9073
-22.0118
-22.1164
-22.2209
-22.3254
-22.4299
-22.5344
-22.6389
-22.7434
-22.8479
-22.9524
-23.0568
-23.1613
-23.2658
-23.3702
-23.4747
-23.5791
-23.6836
-23.7880
-23.8924
-23.9969
-24.1013
-24.2057
-24.3102
-24.4146
-24.5190
-24.6235
-24.7279
-24.8323
-24.9368
-25.0412
-25.1456
-25.2501
-25.3545
-25.4590
-25.5634
-25.6679
-25.7723
-25.8768
-25.9812
-26.0857
-26.1902
-26.2947
-26.3992
-26.5037
-26.6082
-26.7127
-26.8172
-26.9217
-27.0263
-27.1308
-27.2354
-27.3399
-27.4445
-27.5491
-27.6508
-27.7435
-27.8363
-27.9291
-28.0219
-28.1149
-28.2078
-28.3009
-28.3939
-28.4871
-28.5706
-28.6376
-28.6955
-28.7535
-28.8099
-28.8561
-28.9022
-28.9468
-28.9811
-29.0045
-29.0270
-29.0426
-29.0533
-29.0640
-29.0747
-29.0854
-29.0961
-29.1069
-29.1176
-29.1283
-29.1390
-29.1498
-29.1605
-29.1712
-29.1820
-29.1927
-29.2035
-29.2143
-29.2250
-29.2358
-29.2466
-29.2573
-29.2681
-29.2789
-29.2897
-29.3005
-29.3073
-29.3112
-29.3151
-29.3190
-29.3229
-29.3268
-29.3307
-29.3346
-29.3385
-29.3424
-29.3464
-29.3503
-29.3542
-29.3581
-29.3620
-29.3659
-29.3698
-29.3737
-29.3777
-29.3816
-29.3855
-29.3894
-29.3933
-29.3973
-29.4012
-29.4051
-29.4090
-29.4130
-29.4169
-29.4208
-29.4248
-29.4287
-29.4326
-29.4366
-29.4405
-29.4444
-29.4484
-29.4523
-29.4563
-29.4602
-29.4642
-29.4681
-29.4720
-29.4760
-29.4799
-29.4839
-29.4878
-29.4918
-29.4958
-29.4997
-29.5032
-29.5045
-29.5059
-29.5073
-29.5087
-29.5101
-29.5115
-29.5128
-29.5142
-29.5156
-29.5170
-29.5184
-29.5198
-29.5212
-29.5226
-29.5240
-29.5254
-29.5268
-29.5282
-29.5296
-29.5310
-29.5324
-29.5338
-29.5352
-29.5367
-29.5381
-29.5395
-29.5409
-29.5423
-29.5437
-29.5452
-29.5466
-29.5480
-29.5494
-29.5509
-29.5523
-29.5537
-29.5552
-29.5566
-29.5580
-29.5595
-29.5609
-29.5624
-29.5638
-29.5652
-29.5667
-29.5681
-29.5696
-29.5710
-29.5725
-29.5740
-29.5754
-29.5769
-29.5783
-29.5798
-29.5813
-29.5827
-29.5842
-29.5857
-29.5871
-29.5886
-29.5901
-29.5916
-29.5930
-29.5945
-29.5960
-29.5975
-29.5990
-29.6005
-29.6019
-29.6034
-29.6049
-29.6064
-29.6079
-29.6094
-29.6109
-29.6124
-29.6139
-29.6154
-29.6169
-29.6185
-29.6200
-29.6215
-29.6230
-29.6245
-29.6260
-29.6276
-29.6291
-29.6306
-29.6321
-29.6337
-29.6352
-29.6367
-29.6383
-29.6398
-29.6414
-29.6429
-29.6444
-29.6460
-29.6475
-29.6491
-29.6506
-29.6522
-29.6538
-29.6553
-29.6569
-29.6584
-29.6600
-29.6616
-29.6632
-29.6647
-29.6663
-29.6679
-29.6695
-29.6710
-29.6726
-29.6742
-29.6758
-29.6774
-29.6790
-29.6806
-29.6822
-29.6838
-29.6854
-29.6870
-29.6886
-29.6902
-29.6918
-29.6934
-29.6951
-29.6967
-29.6983
-29.6999
-29.7016
-29.7032
-29.7048
-29.7065
-29.7081
-29.7097
-29.7114
-29.7130
-29.7147
-29.7163
-29.7180
-29.7196
-29.7213
-29.7224
-29.7232
-29.7241
-29.7250
-29.7259
-29.7268
-29.7276
-29.7285
-29.7294
-29.7303
-29.7312
-29.7321
-29.7330
-29.7339
-29.7348
-29.7357
-29.7366
-29.7375
-29.7384
-29.7394
-29.7403
-29.7412
-29.7421
-29.7431
-29.7440
-29.7449
-29.7459
-29.7468
-29.7477
-29.7487
-29.7496
-29.7506
-29.7515
-29.7525
-29.7534
-29.7544
-29.7553
-29.7563
-29.7573
-29.7582
-29.7592
-29.7602
-29.7612
-29.7622
-29.7631
-29.7641
-29.7651
-29.7661
-29.7671
-29.7681
-29.7691
-29.7701
-29.7711
-29.7721
-29.7731
-29.7741
-29.7752
-29.7762
-29.7772
-29.7782
-29.7793
-29.7803
-29.7813
-29.7824
-29.7834
-29.7845
-29.7855
-29.7866
-29.7876
-29.7887
-29.7897
-29.7908
-29.7919
-29.7929
-29.7940
-29.7951
-29.7962
-29.7973
-29.7984
-29.7994
-29.8005
-29.8016
-29.8027
-29.8038
-29.8049
-29.8061
-29.8072
-29.8083
-29.8094
-29.8105
-29.8117
-29.8128
-29.8139
-29.8151
-29.8162
-29.8174
-29.8185
-29.8197
-29.8208
-29.8220
-29.8231
-29.8243
-29.8255
-29.8266
-29.8278
-29.8290
-29.8302
-29.8314
-29.8326
-29.8338
-29.8350
-29.8362
-29.8374
-29.8386
-29.8398
-29.8410
-29.8422
-29.8435
-29.8447
-29.8459
-29.8472
-29.8484
-29.8497
-29.8509
-29.8522
-29.8534
-29.8547
-29.8560
-29.8572
-29.8585
-29.8598
-29.8611
-29.8623
-29.8636
-29.8649
-29.8662
-29.8675
-29.8688
-29.8702
-29.8715
-29.8728
-29.8741
-29.8754
-29.8768
-29.8781
-29.8795
-29.8808
-29.8821
-29.8835
-29.8849
-29.8862
-29.8876
-29.8890
-29.8903
-29.8917
-29.8931
-29.8945
-29.8959
-29.8973
-29.8987
-29.9001
-29.9015
-29.9029
-29.9044
-29.9058
-29.9072
-29.9086
-29.9101
-29.9115
-29.9130
-29.9144
-29.9159
-29.9174
-29.9188
-29.9203
-29.9218
-29.9233
-29.9248
-29.9263
-29.9278
-29.9293
-29.9308
-29.9323
-29.9338
-29.9353
-29.9368
-29.9384
-29.9399
-29.9415
-29.9430
-29.9446
-29.9461
-29.9477
-29.9493
-29.9508
-29.9524
-29.9540
-29.9556
-29.9572
-29.9588
-29.9604
-29.9620
-29.9636
-29.9653
-29.9669
-29.9685
-29.9702
-29.9718
-29.9735
-29.9751
-29.9768
-29.9785
-29.9801
-29.9818
-29.9835
-29.9852
-29.9869
-29.9886
-29.9903
-29.9920
-29.9937
-29.9955
-29.9972
-29.9989
-30.0007
-30.0024
-30.0042
-30.0059
-30.0077
-30.0095
-30.0113
-30.0130
-30.0148
-30.0166
-30.0184
-30.0202
-30.0221
-30.0239
-30.0257
-30.0275
-30.0294
-30.0312
-30.0331
-30.0349
-30.0368
-30.0387
-30.0406
-30.0425
-30.0443
-30.0462
-30.0482
-30.0501
-30.0520
-30.0539
-30.0558
-30.0578
-30.0597
-30.0617
-30.0636
-30.0656
-30.0676
-30.0696
-30.0715
-30.0735
-30.0755
-30.0775
-30.0796
-30.0816
-30.0836
-30.0856
-30.0877
-30.0897
-30.0918
-30.0939
-30.0959
-30.0980
-30.1001
-30.1022
-30.1043
-30.1064
-30.1085
-30.1106
-30.1128
-30.1149
-30.1170
-30.1192
-30.1214
-30.1235
-30.1257
-30.1279
-30.1301
-30.1323
-30.1345
-30.1367
-30.1389
-30.1411
-30.1434
-30.1456
-30.1479
-30.1501
-30.1524
-30.1547
-30.1570
-30.1593
-30.1616
-30.1639
-30.1662
-30.1685
-30.1708
-30.1732
-30.1755
-30.1779
-30.1803
-30.1826
-30.1850
-30.1874
-30.1898
-30.1922
-30.1946
-30.1971
-30.1995
-30.2019
-30.2044
-30.2069
-30.2093
-30.2118
-30.2143
-30.2168
-30.2193
-30.2218
-30.2243
-30.2269
-30.2294
-30.2319
-30.2345
-30.2371
-30.2396
-30.2422
-30.2448
-30.2474
-30.2500
-30.2527
-30.2553
-30.2579
-30.2606
-30.2633
-30.2659
-30.2686
-30.2713
-30.2740
-30.2767
-30.2794
-30.2822
-30.2849
-30.2876
-30.2904
-30.2932
-30.2959
-30.2987
-30.3015
-30.3043
-30.3071
-30.3100
-30.3128
-30.3157
-30.3185
-30.3214
-30.3243
-30.3272
-30.3293
-30.3313
-30.3334
-30.3354
-30.3375
-30.3395
-30.3416
-30.3437
-30.3457
-30.3478
-30.3499
-30.3520
-30.3541
-30.3562
-30.3583
-30.3604
-30.3625
-30.3646
-30.3667
-30.3687
-30.3704
-30.3721
-30.3738
-30.3755
-30.3772
-30.3789
-30.3806
-30.3823
-30.3841
-30.3858
-30.3875
-30.3892
-30.3910
-30.3927
-30.3944
-30.3962
-30.3979
-30.3997
-30.4014
-30.4032
-30.4049
-30.4067
-30.4085
-30.4102
-30.4120
-30.4138
-30.4156
-30.4173
-30.4191
-30.4209
-30.4227
-30.4245
-30.4263
-30.4281
-30.4299
-30.4317
-30.4335
-30.4353
-30.4371
-30.4389
-30.4407
-30.4426
-30.4444
-30.4462
-30.4480
-30.4499
-30.4517
-30.4536
-30.4554
-30.4572
-30.4591
-30.4609
-30.4628
-30.4647
-30.4665
-30.4684
-30.4703
-30.4721
-30.4740
-30.4759
-30.4778
-30.4797
-30.4815
-30.4834
-30.4853
-30.4872
-30.4891
-30.4910
-30.4929
-30.4948
-30.4968
-30.4987
-30.5006
-30.5025
-30.5045
-30.5064
-30.5083
-30.5103
-30.5122
-30.5141
-30.5161
-30.5180
-30.5200
-30.5219
-30.5239
-30.5259
-30.5278
-30.5298
-30.5318
-30.5338
-30.5357
-30.5377
-30.5397
-30.5417
-30.5437
-30.5457
-30.5477
-30.5497
-30.5517
-30.5537
-30.5557
-30.5578
-30.5598
-30.5618
-30.5638
-30.5659
-30.5679
-30.5699
-30.5720
-30.5740
-30.5761
-30.5781
-30.5802
-30.5822
-30.5843
-30.5864
-30.5884
-30.5905
-30.5926
-30.5947
-30.5968
-30.5988
-30.6009
-30.6030
-30.6051
-30.6072
-30.6093
-30.6115
-30.6136
-30.6157
-30.6178
-30.6199
-30.6221
-30.6242
-30.6263
-30.6285
-30.6306
-30.6328
-30.6349
-30.6371
-30.6392
-30.6414
-30.6435
-30.6457
-30.6479
-30.6498
-30.6509
-30.6520
-30.6531
-30.6542
-30.6553
-30.6564
-30.6575
-30.6585
-30.6596
-30.6607
-30.6618
-30.6629
-30.6640
-30.6651
-30.6662
-30.6673
-30.6684
-30.6694
-30.6705
-30.6716
-30.6727
-30.6738
-30.6749
-30.6760
-30.6771
-30.6782
-30.6793
-30.6803
-30.6814
-30.6825
-30.6836
-30.6847
-30.6858
-30.6869
-30.6880
-30.6891
-30.6902
-30.6913
-30.6924
-30.6934
-30.6945
-30.6956
-30.6967
-30.6978
-30.6989
-30.7000
-30.7011
-30.7022
-30.7033
-30.7044
-30.7055
-30.7065
-30.7076
-30.7087
-30.7098
-30.7109
-30.7120
-30.7131
-30.7142
-30.7153
-30.7164
-30.7175
-30.7186
-30.7197
-30.7208
-30.7219
-30.7229
-30.7240
-30.7251
-30.7262
-30.7273
-30.7284
-30.7295
-30.7306
-30.7317
-30.7328
-30.7339
-30.7350
-30.7361
-30.7372
-30.7383
-30.7394
-30.7405
-30.7415
-30.7426
-30.7437
-30.7448
-30.7459
-30.7470
-30.7481
-30.7492
-30.7503
-30.7514
-30.7525
-30.7526
-30.7526
-30.7526
-30.7526
-30.7526
-30.7526
-30.7527
-30.7527
-30.7527
-30.7527
-30.7527
-30.7527
-30.7527
-30.7528
-30.7528
-30.7528
-30.7528
-30.7528
-30.7528
-30.7528
-30.7528
-30.7529
-30.7529
-30.7529
-30.7529
-30.7529
-30.7529
-30.7529
-30.7529
-30.7530
end

