Number of Steps:   1000, Learning Rate: 0.00100
Starting Distribution
0.25, 0.25, 0.25, 0.25
0.00, 0.49, 0.51, 0.00
0.00, 0.49, 0.51, 0.00
0.25, 0.25, 0.25, 0.25
0.00, 0.49, 0.51, 0.00
0.00, 0.49, 0.51, 0.00
0.25, 0.25, 0.25, 0.25
0.00, 0.49, 0.51, 0.00
0.00, 0.51, 0.49, 0.00
0.25, 0.25, 0.25, 0.25
0.25, 0.25, 0.25, 0.25
0.00, 0.51, 0.49, 0.00
0.00, 0.49, 0.51, 0.00
0.25, 0.25, 0.25, 0.25
0.00, 0.49, 0.51, 0.00
0.25, 0.25, 0.25, 0.25
0.25, 0.25, 0.25, 0.25
0.25, 0.25, 0.25, 0.25
0.00, 0.51, 0.49, 0.00
0.25, 0.25, 0.25, 0.25
0.00, 0.49, 0.51, 0.00
0.00, 0.49, 0.51, 0.00
0.25, 0.25, 0.25, 0.25
0.00, 0.51, 0.49, 0.00
0.00, 0.49, 0.51, 0.00
0.25, 0.25, 0.25, 0.25
0.25, 0.25, 0.25, 0.25
0.00, 0.51, 0.49, 0.00
0.00, 0.49, 0.51, 0.00
0.25, 0.25, 0.25, 0.25
0.25, 0.25, 0.25, 0.25
0.25, 0.25, 0.25, 0.25
0.25, 0.25, 0.25, 0.25
0.00, 0.49, 0.51, 0.00
0.00, 0.49, 0.51, 0.00
0.25, 0.25, 0.25, 0.25

Final Sequence
.((.((.((..((.(...).)).))..))....)).
AGCGGGGGCGGCCGGAAACGGGGGCGGCCGAAGGCA

free energy of ensemble: -13.93227 kcal/mol, free energy: -8.00000 kcal/mol
log Q(x): 22.6055, deltaG / kT: -12.9803, -log p(y|x):   9.6253
p(y|x) =   0.0001

Final Distribution
 1: 0.25, 0.25, 0.25, 0.25
 2: 0.00, 0.00, 1.00, 0.00
 3: 0.00, 1.00, 0.00, 0.00
 4: 0.00, 0.00, 1.00, 0.00
 5: 0.00, 0.00, 1.00, 0.00
 6: 0.00, 0.00, 1.00, 0.00
 7: 0.00, 0.00, 1.00, 0.00
 8: 0.00, 0.00, 1.00, 0.00
 9: 0.00, 1.00, 0.00, 0.00
10: 0.23, 0.00, 0.77, 0.00
11: 0.37, 0.00, 0.63, 0.00
12: 0.00, 1.00, 0.00, 0.00
13: 0.00, 1.00, 0.00, 0.00
14: 0.07, 0.00, 0.93, 0.00
15: 0.00, 0.00, 1.00, 0.00
16: 0.25, 0.25, 0.25, 0.25
17: 0.25, 0.25, 0.25, 0.25
18: 0.25, 0.25, 0.25, 0.25
19: 0.00, 1.00, 0.00, 0.00
20: 0.07, 0.00, 0.93, 0.00
21: 0.00, 0.00, 1.00, 0.00
22: 0.00, 0.00, 1.00, 0.00
23: 0.00, 0.00, 1.00, 0.00
24: 0.00, 0.00, 1.00, 0.00
25: 0.00, 1.00, 0.00, 0.00
26: 0.23, 0.00, 0.77, 0.00
27: 0.37, 0.00, 0.63, 0.00
28: 0.00, 1.00, 0.00, 0.00
29: 0.00, 1.00, 0.00, 0.00
30: 0.23, 0.00, 0.77, 0.00
31: 0.25, 0.25, 0.25, 0.25
32: 0.25, 0.25, 0.25, 0.25
33: 0.37, 0.00, 0.63, 0.00
34: 0.00, 0.00, 1.00, 0.00
35: 0.00, 1.00, 0.00, 0.00
36: 0.25, 0.25, 0.25, 0.25


Total Time: 49.90 seconds.
Average Time: 0.0499 seconds.
Step, Sequence, -log p(y|x), p(y|x)
    0, ACCACGACCAACCAGAAACAGGAGGAACGAAAAGGA,     4.7722,     0.0085
    1, AGCGGGGGCGGCCGGAAACGGGGGCGGCCGAAGGCA,     9.6253,     0.0001

start
7002.5173
6998.3255
6977.6497
6843.3501
6076.9943
5419.2271
5244.6982
5150.5652
4270.1880
1977.6478
4.1775
4.1154
4.0533
3.9913
3.9295
3.8677
3.8060
3.7444
3.6829
3.6214
3.5601
3.4988
3.4377
3.3766
3.3156
3.2547
3.1938
3.1331
3.0724
3.0118
2.9513
2.8908
2.8305
2.7702
2.7100
2.6499
2.5898
2.5298
2.4699
2.4101
2.3503
2.2906
2.2310
2.1715
2.1120
2.0526
1.9932
1.9340
1.8748
1.8156
1.7565
1.6975
1.6386
1.5797
1.5209
1.4621
1.4034
1.3448
1.2862
1.2277
1.1692
1.1108
1.0524
0.9942
0.9359
0.8777
0.8196
0.7615
0.7035
0.6456
0.5876
0.5298
0.4720
0.4142
0.3565
0.2988
0.2412
0.1836
0.1261
0.0686
0.0112
-0.0462
-0.1035
-0.1608
-0.2181
-0.2753
-0.3325
-0.3896
-0.4467
-0.5037
-0.5608
-0.6177
-0.6747
-0.7316
-0.7884
-0.8453
-0.9021
-0.9588
-1.0155
-1.0722
-1.1289
-1.1855
-1.2421
-1.2987
-1.3552
-1.4117
-1.4682
-1.5247
-1.5811
-1.6375
-1.6939
-1.7502
-1.8065
-1.8628
-1.9191
-1.9753
-2.0316
-2.0878
-2.1440
-2.2001
-2.2563
-2.3124
-2.3685
-2.4246
-2.4807
-2.5367
-2.5928
-2.6488
-2.7048
-2.7499
-2.7896
-2.8292
-2.8689
-2.9085
-2.9482
-2.9878
-3.0273
-3.0669
-3.1064
-3.1460
-3.1855
-3.2250
-3.2645
-3.3040
-3.3434
-3.3829
-3.4223
-3.4617
-3.5011
-3.5405
-3.5799
-3.6193
-3.6587
-3.6981
-3.7374
-3.7768
-3.8162
-3.8555
-3.8948
-3.9342
-3.9735
-4.0129
-4.0522
-4.0915
-4.1309
-4.1702
-4.2034
-4.2356
-4.2678
-4.3002
-4.3321
-4.3612
-4.3903
-4.4157
-4.4364
-4.4562
-4.4762
-4.4961
-4.5162
-4.5363
-4.5565
-4.5767
-4.5970
-4.6174
-4.6378
-4.6584
-4.6789
-4.6996
-4.7203
-4.7411
-4.7620
-4.7829
-4.8039
-4.8225
-4.8411
-4.8597
-4.8785
-4.8973
-4.9161
-4.9351
-4.9541
-4.9732
-4.9923
-5.0116
-5.0309
-5.0503
-5.0698
-5.0893
-5.1090
-5.1287
-5.1485
-5.1683
-5.1883
-5.2083
-5.2284
-5.2486
-5.2689
-5.2892
-5.3096
-5.3302
-5.3508
-5.3714
-5.3922
-5.4131
-5.4340
-5.4550
-5.4761
-5.4973
-5.5186
-5.5400
-5.5615
-5.5830
-5.6046
-5.6264
-5.6482
-5.6701
-5.6921
-5.7142
-5.7364
-5.7586
-5.7810
-5.8035
-5.8260
-5.8487
-5.8714
-5.8942
-5.9172
-5.9402
-5.9633
-5.9866
-6.0099
-6.0333
-6.0568
-6.0804
-6.1042
-6.1280
-6.1506
-6.1727
-6.1949
-6.2173
-6.2397
-6.2623
-6.2849
-6.3077
-6.3305
-6.3535
-6.3766
-6.3997
-6.4230
-6.4464
-6.4699
-6.4936
-6.5173
-6.5411
-6.5651
-6.5891
-6.6133
-6.6376
-6.6620
-6.6865
-6.7112
-6.7359
-6.7605
-6.7818
-6.8032
-6.8247
-6.8463
-6.8680
-6.8898
-6.9117
-6.9337
-6.9558
-6.9779
-7.0002
-7.0226
-7.0451
-7.0677
-7.0904
-7.1132
-7.1360
-7.1590
-7.1821
-7.2053
-7.2286
-7.2521
-7.2756
-7.2992
-7.3229
-7.3468
-7.3707
-7.3948
-7.4189
-7.4432
-7.4676
-7.4921
-7.5155
-7.5374
-7.5585
-7.5797
-7.6010
-7.6224
-7.6439
-7.6655
-7.6872
-7.7090
-7.7309
-7.7529
-7.7750
-7.7972
-7.8195
-7.8419
-7.8644
-7.8869
-7.9096
-7.9324
-7.9554
-7.9784
-8.0015
-8.0247
-8.0480
-8.0715
-8.0950
-8.1186
-8.1424
-8.1663
-8.1902
-8.2143
-8.2385
-8.2628
-8.2872
-8.3118
-8.3364
-8.3541
-8.3703
-8.3865
-8.4028
-8.4191
-8.4355
-8.4520
-8.4685
-8.4850
-8.5016
-8.5183
-8.5350
-8.5517
-8.5686
-8.5855
-8.6024
-8.6194
-8.6364
-8.6535
-8.6707
-8.6879
-8.7052
-8.7225
-8.7399
-8.7574
-8.7749
-8.7925
-8.8101
-8.8278
-8.8456
-8.8634
-8.8813
-8.8992
-8.9172
-8.9353
-8.9534
-8.9716
-8.9898
-9.0081
-9.0265
-9.0449
-9.0634
-9.0820
-9.1006
-9.1193
-9.1381
-9.1569
-9.1758
-9.1948
-9.2138
-9.2329
-9.2520
-9.2713
-9.2906
-9.3099
-9.3293
-9.3488
-9.3684
-9.3880
-9.4077
-9.4275
-9.4474
-9.4673
-9.4873
-9.5073
-9.5275
-9.5477
-9.5679
-9.5883
-9.6087
-9.6292
-9.6498
-9.6704
-9.6911
-9.7119
-9.7328
-9.7537
-9.7747
-9.7958
-9.8170
-9.8382
-9.8596
-9.8801
-9.8967
-9.9109
-9.9251
-9.9392
-9.9534
-9.9676
-9.9817
-9.9959
-10.0101
-10.0243
-10.0385
-10.0527
-10.0669
-10.0811
-10.0953
-10.1096
-10.1238
-10.1381
-10.1523
-10.1666
-10.1808
-10.1951
-10.2094
-10.2237
-10.2380
-10.2523
-10.2666
-10.2809
-10.2953
-10.3096
-10.3239
-10.3383
-10.3526
-10.3670
-10.3814
-10.3958
-10.4101
-10.4245
-10.4389
-10.4533
-10.4678
-10.4822
-10.4966
-10.5111
-10.5255
-10.5400
-10.5544
-10.5689
-10.5834
-10.5978
-10.6111
-10.6239
-10.6366
-10.6493
-10.6619
-10.6746
-10.6873
-10.7000
-10.7127
-10.7254
-10.7381
-10.7508
-10.7633
-10.7749
-10.7859
-10.7970
-10.8081
-10.8191
-10.8302
-10.8413
-10.8524
-10.8635
-10.8746
-10.8857
-10.8968
-10.9079
-10.9190
-10.9301
-10.9412
-10.9523
-10.9634
-10.9745
-10.9857
-10.9968
-11.0079
-11.0191
-11.0302
-11.0414
-11.0525
-11.0637
-11.0748
-11.0860
-11.0971
-11.1083
-11.1195
-11.1307
-11.1418
-11.1530
-11.1642
-11.1754
-11.1866
-11.1978
-11.2090
-11.2202
-11.2314
-11.2426
-11.2538
-11.2651
-11.2763
-11.2875
-11.2988
-11.3100
-11.3213
-11.3325
-11.3438
-11.3550
-11.3663
-11.3775
-11.3888
-11.4001
-11.4114
-11.4227
-11.4339
-11.4452
-11.4559
-11.4646
-11.4720
-11.4793
-11.4867
-11.4941
-11.5014
-11.5088
-11.5161
-11.5235
-11.5308
-11.5382
-11.5455
-11.5529
-11.5602
-11.5676
-11.5749
-11.5818
-11.5869
-11.5908
-11.5946
-11.5985
-11.6023
-11.6061
-11.6099
-11.6137
-11.6175
-11.6213
-11.6251
-11.6289
-11.6326
-11.6364
-11.6402
-11.6439
-11.6477
-11.6514
-11.6552
-11.6589
-11.6626
-11.6663
-11.6700
-11.6737
-11.6774
-11.6811
-11.6848
-11.6885
-11.6922
-11.6958
-11.6995
-11.7032
-11.7068
-11.7105
-11.7141
-11.7177
-11.7214
-11.7250
-11.7286
-11.7322
-11.7358
-11.7394
-11.7430
-11.7466
-11.7502
-11.7538
-11.7573
-11.7609
-11.7644
-11.7680
-11.7715
-11.7751
-11.7786
-11.7821
-11.7857
-11.7892
-11.7927
-11.7962
-11.7997
-11.8032
-11.8067
-11.8102
-11.8137
-11.8171
-11.8206
-11.8241
-11.8275
-11.8310
-11.8344
-11.8379
-11.8413
-11.8447
-11.8482
-11.8516
-11.8550
-11.8584
-11.8618
-11.8652
-11.8686
-11.8720
-11.8754
-11.8788
-11.8821
-11.8855
-11.8889
-11.8922
-11.8956
-11.8989
-11.9023
-11.9056
-11.9089
-11.9123
-11.9156
-11.9189
-11.9222
-11.9255
-11.9288
-11.9321
-11.9354
-11.9387
-11.9420
-11.9452
-11.9485
-11.9518
-11.9550
-11.9583
-11.9616
-11.9648
-11.9680
-11.9713
-11.9745
-11.9777
-11.9810
-11.9842
-11.9874
-11.9906
-11.9938
-11.9970
-12.0002
-12.0034
-12.0066
-12.0097
-12.0129
-12.0161
-12.0193
-12.0224
-12.0256
-12.0287
-12.0319
-12.0350
-12.0381
-12.0413
-12.0444
-12.0475
-12.0506
-12.0538
-12.0569
-12.0600
-12.0631
-12.0662
-12.0693
-12.0723
-12.0754
-12.0785
-12.0816
-12.0847
-12.0877
-12.0908
-12.0938
-12.0969
-12.0999
-12.1030
-12.1060
-12.1090
-12.1121
-12.1151
-12.1181
-12.1211
-12.1242
-12.1272
-12.1302
-12.1332
-12.1362
-12.1392
-12.1421
-12.1451
-12.1481
-12.1511
-12.1540
-12.1570
-12.1600
-12.1629
-12.1659
-12.1688
-12.1718
-12.1747
-12.1777
-12.1806
-12.1835
-12.1864
-12.1894
-12.1923
-12.1952
-12.1981
-12.2010
-12.2039
-12.2068
-12.2097
-12.2126
-12.2155
-12.2184
-12.2212
-12.2241
-12.2270
-12.2298
-12.2327
-12.2356
-12.2384
-12.2413
-12.2441
-12.2470
-12.2498
-12.2526
-12.2555
-12.2583
-12.2611
-12.2639
-12.2668
-12.2696
-12.2724
-12.2752
-12.2780
-12.2808
-12.2836
-12.2864
-12.2891
-12.2919
-12.2947
-12.2975
-12.3003
-12.3030
-12.3058
-12.3086
-12.3113
-12.3141
-12.3168
-12.3196
-12.3223
-12.3251
-12.3278
-12.3305
-12.3333
-12.3360
-12.3387
-12.3414
-12.3441
-12.3468
-12.3496
-12.3523
-12.3550
-12.3577
-12.3604
-12.3631
-12.3657
-12.3684
-12.3711
-12.3738
-12.3765
-12.3791
-12.3818
-12.3845
-12.3871
-12.3898
-12.3924
-12.3951
-12.3977
-12.4004
-12.4030
-12.4057
-12.4083
-12.4109
-12.4136
-12.4162
-12.4188
-12.4214
-12.4241
-12.4267
-12.4293
-12.4319
-12.4345
-12.4371
-12.4397
-12.4423
-12.4449
-12.4475
-12.4501
-12.4527
-12.4552
-12.4578
-12.4604
-12.4630
-12.4655
-12.4681
-12.4707
-12.4732
-12.4758
-12.4783
-12.4809
-12.4834
-12.4860
-12.4885
-12.4911
-12.4936
-12.4961
-12.4987
-12.5012
-12.5037
-12.5062
-12.5087
-12.5113
-12.5138
-12.5163
-12.5188
-12.5213
-12.5238
-12.5263
-12.5288
-12.5313
-12.5338
-12.5363
-12.5388
-12.5412
-12.5437
-12.5462
-12.5487
-12.5512
-12.5536
-12.5561
-12.5586
-12.5610
-12.5635
-12.5659
-12.5684
-12.5708
-12.5733
-12.5757
-12.5782
-12.5806
-12.5831
-12.5855
-12.5879
-12.5904
-12.5928
-12.5952
-12.5976
-12.6001
-12.6025
-12.6049
-12.6073
-12.6097
-12.6121
-12.6145
-12.6169
-12.6193
-12.6217
-12.6241
-12.6265
-12.6289
-12.6313
-12.6337
-12.6361
-12.6385
-12.6409
-12.6432
-12.6456
-12.6480
-12.6504
-12.6527
-12.6551
-12.6575
-12.6598
-12.6622
-12.6645
-12.6669
-12.6689
-12.6700
-12.6704
-12.6709
-12.6714
-12.6718
-12.6723
-12.6727
-12.6732
-12.6737
-12.6741
-12.6746
-12.6750
-12.6755
-12.6759
-12.6764
-12.6768
-12.6773
-12.6777
-12.6782
-12.6786
-12.6791
-12.6795
-12.6799
-12.6804
-12.6808
-12.6813
-12.6817
-12.6822
-12.6826
-12.6830
-12.6835
-12.6839
-12.6844
-12.6848
-12.6852
-12.6857
-12.6861
-12.6865
-12.6870
-12.6874
-12.6878
-12.6883
-12.6887
-12.6891
-12.6895
-12.6900
-12.6904
-12.6908
-12.6913
-12.6917
-12.6921
-12.6925
-12.6930
-12.6934
-12.6938
-12.6942
-12.6946
-12.6951
end

