Number of Steps:   1000, Learning Rate: 0.00100
Starting Distribution
0.00, 0.49, 0.51, 0.00
0.00, 0.49, 0.51, 0.00
0.00, 0.51, 0.49, 0.00
0.00, 0.49, 0.51, 0.00
0.00, 0.51, 0.49, 0.00
1.00, 0.00, 0.00, 0.00
1.00, 0.00, 0.00, 0.00
1.00, 0.00, 0.00, 0.00
1.00, 0.00, 0.00, 0.00
1.00, 0.00, 0.00, 0.00
1.00, 0.00, 0.00, 0.00
0.00, 0.49, 0.51, 0.00
0.00, 0.49, 0.51, 0.00
0.00, 0.51, 0.49, 0.00
0.00, 0.51, 0.49, 0.00
0.00, 0.51, 0.49, 0.00

Final Sequence
(((((......)))))
GGGCCGAAAAAGGCCC

free energy of ensemble: -10.20326 kcal/mol, free energy: -10.20000 kcal/mol
log Q(x): 16.5551, deltaG / kT: -16.5498, -log p(y|x):   0.0053
p(y|x) =   0.9947

Final Distribution
 1: 0.00, 0.00, 1.00, 0.00
 2: 0.00, 0.00, 1.00, 0.00
 3: 0.00, 0.00, 1.00, 0.00
 4: 0.00, 1.00, 0.00, 0.00
 5: 0.00, 1.00, 0.00, 0.00
 6: 0.36, 0.00, 0.64, 0.00
 7: 1.00, 0.00, 0.00, 0.00
 8: 1.00, 0.00, 0.00, 0.00
 9: 1.00, 0.00, 0.00, 0.00
10: 1.00, 0.00, 0.00, 0.00
11: 1.00, 0.00, 0.00, 0.00
12: 0.00, 0.00, 1.00, 0.00
13: 0.00, 0.00, 1.00, 0.00
14: 0.00, 1.00, 0.00, 0.00
15: 0.00, 1.00, 0.00, 0.00
16: 0.00, 1.00, 0.00, 0.00


Total Time: 0.51 seconds.
Average Time: 0.0005 seconds.
Step, Sequence, -log p(y|x), p(y|x)
    1, GGGCCAAAAAAGGCCC,     0.0066,     0.9934
  801, GGGCCGAAAAAGGCCC,     0.0053,     0.9947

start
3997.8829
3992.8701
3960.2238
3724.4019
2344.3913
1746.4390
1746.4108
1746.3266
1745.8055
1742.0091
1713.5841
1497.5959
725.0929
-10.3514
-10.4025
-10.4535
-10.5044
-10.5552
-10.6058
-10.6564
-10.7068
-10.7571
-10.8073
-10.8574
-10.9073
-10.9572
-11.0069
-11.0566
-11.1061
-11.1555
-11.2048
-11.2540
-11.3031
-11.3521
-11.4009
-11.4497
-11.4984
-11.5469
-11.5954
-11.6437
-11.6919
-11.7401
-11.7881
-11.8360
-11.8839
-11.9316
-11.9792
-12.0268
-12.0742
-12.1215
-12.1687
-12.2159
-12.2629
-12.3098
-12.3567
-12.4034
-12.4501
-12.4966
-12.5431
-12.5894
-12.6357
-12.6819
-12.7280
-12.7740
-12.8199
-12.8657
-12.9114
-12.9570
-13.0025
-13.0480
-13.0933
-13.1386
-13.1838
-13.2289
-13.2739
-13.3188
-13.3637
-13.4084
-13.4531
-13.4976
-13.5421
-13.5865
-13.6309
-13.6751
-13.7193
-13.7633
-13.8073
-13.8513
-13.8951
-13.9388
-13.9825
-14.0261
-14.0696
-14.1131
-14.1564
-14.1997
-14.2429
-14.2860
-14.3291
-14.3720
-14.4149
-14.4578
-14.5005
-14.5432
-14.5858
-14.6283
-14.6707
-14.7131
-14.7536
-14.7842
-14.8146
-14.8450
-14.8727
-14.8865
-14.8977
-14.9088
-14.9199
-14.9311
-14.9422
-14.9534
-14.9645
-14.9757
-14.9868
-14.9980
-15.0091
-15.0203
-15.0315
-15.0426
-15.0538
-15.0650
-15.0762
-15.0873
-15.0985
-15.1097
-15.1209
-15.1321
-15.1433
-15.1545
-15.1657
-15.1769
-15.1881
-15.1993
-15.2105
-15.2153
-15.2200
-15.2246
-15.2293
-15.2339
-15.2386
-15.2432
-15.2479
-15.2525
-15.2571
-15.2618
-15.2664
-15.2711
-15.2757
-15.2804
-15.2850
-15.2897
-15.2943
-15.2990
-15.3036
-15.3083
-15.3129
-15.3176
-15.3222
-15.3268
-15.3315
-15.3361
-15.3408
-15.3454
-15.3501
-15.3547
-15.3594
-15.3640
-15.3687
-15.3733
-15.3780
-15.3826
-15.3873
-15.3919
-15.3965
-15.3975
-15.3984
-15.3992
-15.4001
-15.4009
-15.4017
-15.4026
-15.4034
-15.4043
-15.4051
-15.4060
-15.4068
-15.4076
-15.4085
-15.4093
-15.4102
-15.4110
-15.4119
-15.4127
-15.4135
-15.4144
-15.4152
-15.4161
-15.4169
-15.4178
-15.4186
-15.4194
-15.4203
-15.4211
-15.4220
-15.4228
-15.4237
-15.4245
-15.4253
-15.4262
-15.4270
-15.4279
-15.4287
-15.4295
-15.4304
-15.4312
-15.4321
-15.4329
-15.4338
-15.4346
-15.4354
-15.4363
-15.4371
-15.4380
-15.4388
-15.4397
-15.4405
-15.4413
-15.4422
-15.4430
-15.4439
-15.4447
-15.4456
-15.4464
-15.4472
-15.4481
-15.4489
-15.4498
-15.4506
-15.4515
-15.4523
-15.4531
-15.4540
-15.4548
-15.4557
-15.4565
-15.4573
-15.4582
-15.4590
-15.4599
-15.4607
-15.4616
-15.4624
-15.4632
-15.4641
-15.4649
-15.4658
-15.4666
-15.4675
-15.4683
-15.4691
-15.4700
-15.4708
-15.4717
-15.4725
-15.4734
-15.4742
-15.4750
-15.4759
-15.4767
-15.4776
-15.4784
-15.4793
-15.4801
-15.4809
-15.4818
-15.4826
-15.4835
-15.4843
-15.4851
-15.4860
-15.4868
-15.4877
-15.4885
-15.4894
-15.4902
-15.4910
-15.4919
-15.4927
-15.4936
-15.4944
-15.4953
-15.4961
-15.4969
-15.4978
-15.4986
-15.4995
-15.5003
-15.5012
-15.5020
-15.5028
-15.5037
-15.5045
-15.5054
-15.5062
-15.5071
-15.5079
-15.5087
-15.5096
-15.5104
-15.5113
-15.5121
-15.5129
-15.5138
-15.5146
-15.5155
-15.5163
-15.5172
-15.5180
-15.5188
-15.5197
-15.5205
-15.5214
-15.5222
-15.5231
-15.5239
-15.5247
-15.5256
-15.5264
-15.5273
-15.5281
-15.5290
-15.5298
-15.5306
-15.5315
-15.5323
-15.5332
-15.5340
-15.5349
-15.5357
-15.5365
-15.5374
-15.5382
-15.5391
-15.5399
-15.5407
-15.5416
-15.5424
-15.5433
-15.5441
-15.5450
-15.5458
-15.5466
-15.5475
-15.5483
-15.5492
-15.5500
-15.5509
-15.5517
-15.5525
-15.5534
-15.5542
-15.5551
-15.5559
-15.5568
-15.5576
-15.5584
-15.5593
-15.5601
-15.5610
-15.5618
-15.5627
-15.5635
-15.5643
-15.5652
-15.5660
-15.5669
-15.5677
-15.5685
-15.5694
-15.5702
-15.5711
-15.5719
-15.5728
-15.5736
-15.5744
-15.5753
-15.5761
-15.5770
-15.5778
-15.5787
-15.5795
-15.5803
-15.5812
-15.5820
-15.5829
-15.5837
-15.5846
-15.5854
-15.5862
-15.5871
-15.5879
-15.5888
-15.5896
-15.5905
-15.5913
-15.5921
-15.5930
-15.5938
-15.5947
-15.5955
-15.5964
-15.5972
-15.5980
-15.5989
-15.5997
-15.6006
-15.6014
-15.6022
-15.6031
-15.6039
-15.6048
-15.6056
-15.6065
-15.6073
-15.6081
-15.6090
-15.6098
-15.6107
-15.6115
-15.6124
-15.6132
-15.6140
-15.6149
-15.6157
-15.6166
-15.6174
-15.6183
-15.6191
-15.6199
-15.6208
-15.6216
-15.6225
-15.6233
-15.6242
-15.6250
-15.6258
-15.6267
-15.6275
-15.6284
-15.6292
-15.6300
-15.6309
-15.6317
-15.6326
-15.6334
-15.6343
-15.6351
-15.6359
-15.6368
-15.6376
-15.6385
-15.6393
-15.6402
-15.6410
-15.6418
-15.6427
-15.6435
-15.6444
-15.6452
-15.6461
-15.6469
-15.6477
-15.6486
-15.6494
-15.6503
-15.6511
-15.6520
-15.6528
-15.6536
-15.6545
-15.6553
-15.6562
-15.6570
-15.6578
-15.6587
-15.6595
-15.6604
-15.6612
-15.6621
-15.6629
-15.6637
-15.6646
-15.6654
-15.6663
-15.6671
-15.6680
-15.6688
-15.6696
-15.6705
-15.6713
-15.6722
-15.6730
-15.6739
-15.6747
-15.6755
-15.6764
-15.6772
-15.6781
-15.6789
-15.6798
-15.6806
-15.6814
-15.6823
-15.6831
-15.6840
-15.6848
-15.6856
-15.6865
-15.6873
-15.6882
-15.6890
-15.6899
-15.6907
-15.6915
-15.6924
-15.6932
-15.6941
-15.6949
-15.6958
-15.6966
-15.6974
-15.6983
-15.6991
-15.7000
-15.7008
-15.7017
-15.7025
-15.7033
-15.7042
-15.7050
-15.7059
-15.7067
-15.7076
-15.7084
-15.7092
-15.7101
-15.7109
-15.7118
-15.7126
-15.7134
-15.7143
-15.7151
-15.7160
-15.7168
-15.7177
-15.7185
-15.7193
-15.7202
-15.7210
-15.7219
-15.7227
-15.7236
-15.7244
-15.7252
-15.7261
-15.7269
-15.7278
-15.7286
-15.7295
-15.7303
-15.7311
-15.7320
-15.7328
-15.7337
-15.7345
-15.7354
-15.7362
-15.7370
-15.7379
-15.7387
-15.7396
-15.7404
-15.7412
-15.7421
-15.7429
-15.7438
-15.7446
-15.7455
-15.7463
-15.7471
-15.7480
-15.7488
-15.7497
-15.7505
-15.7514
-15.7522
-15.7530
-15.7539
-15.7547
-15.7556
-15.7564
-15.7573
-15.7581
-15.7589
-15.7598
-15.7606
-15.7615
-15.7623
-15.7632
-15.7640
-15.7648
-15.7657
-15.7665
-15.7674
-15.7682
-15.7690
-15.7699
-15.7707
-15.7716
-15.7724
-15.7733
-15.7741
-15.7749
-15.7758
-15.7766
-15.7775
-15.7783
-15.7792
-15.7800
-15.7808
-15.7817
-15.7825
-15.7834
-15.7842
-15.7851
-15.7859
-15.7867
-15.7876
-15.7884
-15.7893
-15.7901
-15.7910
-15.7918
-15.7926
-15.7935
-15.7943
-15.7952
-15.7960
-15.7968
-15.7977
-15.7985
-15.7994
-15.8002
-15.8011
-15.8019
-15.8027
-15.8036
-15.8044
-15.8053
-15.8061
-15.8070
-15.8078
-15.8086
-15.8095
-15.8103
-15.8112
-15.8120
-15.8129
-15.8137
-15.8145
-15.8154
-15.8162
-15.8171
-15.8179
-15.8188
-15.8196
-15.8204
-15.8213
-15.8221
-15.8230
-15.8238
-15.8246
-15.8255
-15.8263
-15.8272
-15.8280
-15.8289
-15.8297
-15.8305
-15.8314
-15.8322
-15.8331
-15.8339
-15.8348
-15.8356
-15.8364
-15.8373
-15.8381
-15.8390
-15.8398
-15.8407
-15.8415
-15.8423
-15.8432
-15.8440
-15.8449
-15.8457
-15.8466
-15.8474
-15.8482
-15.8491
-15.8499
-15.8508
-15.8516
-15.8525
-15.8533
-15.8541
-15.8550
-15.8558
-15.8567
-15.8575
-15.8583
-15.8592
-15.8600
-15.8609
-15.8617
-15.8626
-15.8634
-15.8642
-15.8651
-15.8659
-15.8668
-15.8676
-15.8685
-15.8693
-15.8701
-15.8710
-15.8718
-15.8727
-15.8735
-15.8744
-15.8752
-15.8760
-15.8769
-15.8777
-15.8786
-15.8794
-15.8803
-15.8811
-15.8819
-15.8828
-15.8836
-15.8845
-15.8853
-15.8861
-15.8870
-15.8878
-15.8887
-15.8895
-15.8904
-15.8912
-15.8920
-15.8929
-15.8937
-15.8946
-15.8954
-15.8963
-15.8971
-15.8979
-15.8988
-15.8996
-15.9005
-15.9013
-15.9022
-15.9030
-15.9038
-15.9047
-15.9055
-15.9064
-15.9072
-15.9081
-15.9089
-15.9097
-15.9106
-15.9114
-15.9123
-15.9131
-15.9139
-15.9148
-15.9156
-15.9165
-15.9173
-15.9182
-15.9190
-15.9198
-15.9207
-15.9215
-15.9224
-15.9232
-15.9241
-15.9249
-15.9257
-15.9266
-15.9274
-15.9283
-15.9291
-15.9300
-15.9308
-15.9316
-15.9325
-15.9333
-15.9342
-15.9350
-15.9359
-15.9367
-15.9375
-15.9384
-15.9392
-15.9401
-15.9409
-15.9418
-15.9426
-15.9434
-15.9443
-15.9451
-15.9460
-15.9468
-15.9476
-15.9485
-15.9493
-15.9502
-15.9510
-15.9519
-15.9527
-15.9535
-15.9544
-15.9552
-15.9561
-15.9569
-15.9578
-15.9586
-15.9594
-15.9603
-15.9611
-15.9620
-15.9628
-15.9637
-15.9645
-15.9653
-15.9662
-15.9670
-15.9679
-15.9687
-15.9696
-15.9704
-15.9712
-15.9721
-15.9729
-15.9738
-15.9746
-15.9755
-15.9763
-15.9771
-15.9780
-15.9788
-15.9797
-15.9805
-15.9814
-15.9822
-15.9830
-15.9839
-15.9847
-15.9856
-15.9864
-15.9873
-15.9881
-15.9889
-15.9898
-15.9906
-15.9915
-15.9923
-15.9932
-15.9940
-15.9948
-15.9957
-15.9965
-15.9974
-15.9982
-15.9991
-15.9999
-16.0007
-16.0016
-16.0024
-16.0033
-16.0041
-16.0050
-16.0058
-16.0066
-16.0075
-16.0083
-16.0092
-16.0100
-16.0109
-16.0117
-16.0125
-16.0134
-16.0142
-16.0151
-16.0159
-16.0168
-16.0176
-16.0184
-16.0193
-16.0201
-16.0210
-16.0218
-16.0227
-16.0235
-16.0244
-16.0252
-16.0260
-16.0269
-16.0277
-16.0286
-16.0294
-16.0303
-16.0311
-16.0319
-16.0328
-16.0336
-16.0345
-16.0353
-16.0362
-16.0370
-16.0378
-16.0387
-16.0395
-16.0404
-16.0412
-16.0421
-16.0429
-16.0438
-16.0446
-16.0454
-16.0463
-16.0471
-16.0480
-16.0488
-16.0497
-16.0505
-16.0513
-16.0522
-16.0530
-16.0539
-16.0547
-16.0556
-16.0564
-16.0573
-16.0581
-16.0589
-16.0598
-16.0606
-16.0615
-16.0623
-16.0632
-16.0640
-16.0649
-16.0657
-16.0665
-16.0674
-16.0682
-16.0691
-16.0699
-16.0708
-16.0716
-16.0724
-16.0733
-16.0741
-16.0750
-16.0758
-16.0767
-16.0775
-16.0784
-16.0792
-16.0800
-16.0809
-16.0817
-16.0826
-16.0834
-16.0843
-16.0851
end

