Number of Steps:   1000, Learning Rate: 0.00100
Starting Distribution
0.00, 0.49, 0.51, 0.00
0.00, 0.51, 0.49, 0.00
0.00, 0.49, 0.51, 0.00
0.00, 0.49, 0.51, 0.00
1.00, 0.00, 0.00, 0.00
1.00, 0.00, 0.00, 0.00
1.00, 0.00, 0.00, 0.00
0.00, 0.49, 0.51, 0.00
0.00, 0.49, 0.51, 0.00
0.00, 0.51, 0.49, 0.00
0.00, 0.51, 0.49, 0.00
1.00, 0.00, 0.00, 0.00

Final Sequence
((((...)))).
GGCCAAAGGCCA

free energy of ensemble: -4.61237 kcal/mol, free energy: -4.60000 kcal/mol
log Q(x): 7.4837, deltaG / kT:  -7.4636, -log p(y|x):   0.0201
p(y|x) =   0.9801

Final Distribution
 1: 0.00, 0.00, 1.00, 0.00
 2: 0.00, 0.00, 1.00, 0.00
 3: 0.00, 1.00, 0.00, 0.00
 4: 0.00, 1.00, 0.00, 0.00
 5: 1.00, 0.00, 0.00, 0.00
 6: 1.00, 0.00, 0.00, 0.00
 7: 1.00, 0.00, 0.00, 0.00
 8: 0.00, 0.00, 1.00, 0.00
 9: 0.00, 0.00, 1.00, 0.00
10: 0.00, 1.00, 0.00, 0.00
11: 0.00, 1.00, 0.00, 0.00
12: 1.00, 0.00, 0.00, 0.00


Step, Sequence, -log p(y|x), p(y|x)
    1, GGCCAAAGGCCA,     0.0201,     0.9801

start
3251.0046
3248.6731
3234.0269
3124.7844
2499.7429
2499.3527
2496.5954
2476.6305
2328.9007
1751.7259
1745.5368
1699.1072
1350.1016
967.2512
641.9470
-3.9956
-4.0304
-4.0651
-4.0996
-4.1341
-4.1684
-4.2026
-4.2366
-4.2705
-4.3043
-4.3380
-4.3716
-4.4050
-4.4383
-4.4715
-4.5045
-4.5375
-4.5703
-4.6030
-4.6355
-4.6680
-4.7003
-4.7325
-4.7646
-4.7966
-4.8284
-4.8602
-4.8918
-4.9233
-4.9547
-4.9860
-5.0172
-5.0482
-5.0792
-5.1100
-5.1407
-5.1713
-5.2018
-5.2322
-5.2625
-5.2926
-5.3227
-5.3526
-5.3825
-5.4122
-5.4419
-5.4714
-5.5008
-5.5301
-5.5593
-5.5884
-5.6174
-5.6463
-5.6751
-5.7038
-5.7324
-5.7609
-5.7893
-5.8176
-5.8458
-5.8739
-5.9018
-5.9297
-5.9575
-5.9852
-6.0128
-6.0403
-6.0678
-6.0951
-6.1223
-6.1494
-6.1764
-6.2034
-6.2302
-6.2570
-6.2836
-6.3102
-6.3367
-6.3631
-6.3894
-6.4156
-6.4417
-6.4677
-6.4936
-6.5195
-6.5452
-6.5709
-6.5965
-6.6220
-6.6474
-6.6727
-6.6980
-6.7231
-6.7482
-6.7732
-6.7981
-6.8229
-6.8476
-6.8651
-6.8802
-6.8952
-6.9020
-6.9077
-6.9134
-6.9191
-6.9248
-6.9305
-6.9362
-6.9419
-6.9476
-6.9533
-6.9590
-6.9647
-6.9704
-6.9761
-6.9818
-6.9875
-6.9932
-6.9989
-7.0046
-7.0103
-7.0160
-7.0217
-7.0274
-7.0331
-7.0388
-7.0445
-7.0502
-7.0559
-7.0616
-7.0673
-7.0730
-7.0787
-7.0844
-7.0901
-7.0958
-7.1015
-7.1072
-7.1129
-7.1186
-7.1243
-7.1300
-7.1357
-7.1414
-7.1471
-7.1528
-7.1585
-7.1642
-7.1699
-7.1756
-7.1813
-7.1870
-7.1927
-7.1984
-7.2041
-7.2098
-7.2155
-7.2212
-7.2269
-7.2326
-7.2383
-7.2440
-7.2497
-7.2554
-7.2611
-7.2668
-7.2725
-7.2782
-7.2839
-7.2896
-7.2951
-7.2970
-7.2989
-7.3008
-7.3027
-7.3046
-7.3065
-7.3084
-7.3103
-7.3122
-7.3141
-7.3160
-7.3179
-7.3198
-7.3217
-7.3236
-7.3255
-7.3274
-7.3293
-7.3311
-7.3330
-7.3349
-7.3368
-7.3387
-7.3406
-7.3425
-7.3444
-7.3463
-7.3482
-7.3501
-7.3520
-7.3539
-7.3558
-7.3577
-7.3596
-7.3615
-7.3634
-7.3653
-7.3672
-7.3691
-7.3710
-7.3728
-7.3747
-7.3766
-7.3785
-7.3804
-7.3823
-7.3842
-7.3861
-7.3880
-7.3899
-7.3918
-7.3937
-7.3956
-7.3975
-7.3994
-7.4013
-7.4032
-7.4051
-7.4070
-7.4089
-7.4108
-7.4127
-7.4145
-7.4164
-7.4183
-7.4202
-7.4221
-7.4240
-7.4259
-7.4278
-7.4297
-7.4316
-7.4335
-7.4354
-7.4373
-7.4392
-7.4411
-7.4430
-7.4449
-7.4468
-7.4487
-7.4506
-7.4525
-7.4544
-7.4562
-7.4581
-7.4600
-7.4619
-7.4636
-7.4636
end

