Number of Steps:   1000, Learning Rate: 0.00100
Starting Distribution
1.00, 0.00, 0.00, 0.00
1.00, 0.00, 0.00, 0.00
0.00, 0.51, 0.49, 0.00
0.00, 0.49, 0.51, 0.00
0.00, 0.49, 0.51, 0.00
0.00, 0.49, 0.51, 0.00
0.00, 0.49, 0.51, 0.00
0.00, 0.51, 0.49, 0.00
0.00, 0.51, 0.49, 0.00
0.00, 0.51, 0.49, 0.00
1.00, 0.00, 0.00, 0.00
1.00, 0.00, 0.00, 0.00
1.00, 0.00, 0.00, 0.00
1.00, 0.00, 0.00, 0.00
1.00, 0.00, 0.00, 0.00
0.00, 0.49, 0.51, 0.00
0.00, 0.49, 0.51, 0.00
1.00, 0.00, 0.00, 0.00
0.00, 0.49, 0.51, 0.00
0.00, 0.51, 0.49, 0.00
0.00, 0.49, 0.51, 0.00
0.00, 0.51, 0.49, 0.00
0.00, 0.49, 0.51, 0.00
0.00, 0.49, 0.51, 0.00
1.00, 0.00, 0.00, 0.00
1.00, 0.00, 0.00, 0.00

Final Sequence
..((((((((.....)).))))))..
AACGGCGCCCAAAAAGGAGCGCCGAA

free energy of ensemble: -13.51690 kcal/mol, free energy: -13.50000 kcal/mol
log Q(x): 21.9316, deltaG / kT: -21.9042, -log p(y|x):   0.0274
p(y|x) =   0.9730

Final Distribution
 1: 1.00, 0.00, 0.00, 0.00
 2: 1.00, 0.00, 0.00, 0.00
 3: 0.00, 1.00, 0.00, 0.00
 4: 0.00, 0.00, 1.00, 0.00
 5: 0.00, 0.00, 1.00, 0.00
 6: 0.00, 1.00, 0.00, 0.00
 7: 0.00, 0.00, 1.00, 0.00
 8: 0.00, 1.00, 0.00, 0.00
 9: 0.00, 1.00, 0.00, 0.00
10: 0.00, 1.00, 0.00, 0.00
11: 1.00, 0.00, 0.00, 0.00
12: 1.00, 0.00, 0.00, 0.00
13: 1.00, 0.00, 0.00, 0.00
14: 1.00, 0.00, 0.00, 0.00
15: 1.00, 0.00, 0.00, 0.00
16: 0.00, 0.00, 1.00, 0.00
17: 0.00, 0.00, 1.00, 0.00
18: 0.99, 0.01, 0.00, 0.01
19: 0.00, 0.00, 1.00, 0.00
20: 0.00, 1.00, 0.00, 0.00
21: 0.00, 0.00, 1.00, 0.00
22: 0.00, 1.00, 0.00, 0.00
23: 0.00, 1.00, 0.00, 0.00
24: 0.00, 0.00, 1.00, 0.00
25: 1.00, 0.00, 0.00, 0.00
26: 1.00, 0.00, 0.00, 0.00


Total Time: 5390.41 seconds.
Average Time: 5.3904 seconds.
Step, Sequence, -log p(y|x), p(y|x)
    1, AACCGCGCCCAAAAAGGAGCGCGGAA,     0.0120,     0.9880
   26, AACGGCGCCCAAAAAGGAGCGCCGAA,     0.0274,     0.9730

start
6262.7780
6255.9188
6215.5366
5948.5459
4411.2917
2548.6889
2012.3206
2003.3934
1905.8753
876.5691
6.8442
6.7647
6.6842
6.6028
6.5202
6.4365
6.3515
6.2650
6.1771
6.0874
5.9959
5.9024
5.8066
5.7082
5.6069
5.5024
5.3942
5.2816
5.1640
5.0403
4.9094
4.7695
4.6183
4.4523
4.2660
4.0504
3.7883
3.6685
3.6357
3.6030
3.5704
3.5379
3.5055
3.4731
3.4408
3.4086
3.3765
3.3444
3.3124
3.2805
3.2487
3.2169
3.1853
3.1536
3.1221
3.0906
3.0593
3.0279
2.9967
2.9655
2.9344
2.9034
2.8725
2.8416
2.8108
2.7800
2.7494
2.7188
2.6882
2.6578
2.6274
2.5971
2.5668
2.5366
2.5065
2.4765
2.4465
2.4166
2.3868
2.3570
2.3273
2.2977
2.2681
2.2386
2.2091
2.1798
2.1504
2.1212
2.0920
2.0629
2.0339
2.0049
1.9760
1.9471
1.9183
1.8896
1.8609
1.8323
1.8037
1.7753
1.7468
1.7195
1.6992
1.6789
1.6587
1.6385
1.6183
1.5981
1.5779
1.5578
1.5377
1.5177
1.4976
1.4776
1.4576
1.4377
1.4178
1.3978
1.3780
1.3581
1.3383
1.3185
1.2987
1.2790
1.2592
1.2395
1.2198
1.2002
1.1805
1.1609
1.1414
1.1218
1.1023
1.0887
1.0763
1.0638
1.0514
1.0389
1.0265
1.0140
1.0016
0.9891
0.9767
0.9642
0.9517
0.9392
0.9267
0.9143
0.9018
0.8893
0.8768
0.8643
0.8518
0.8393
0.8267
0.8142
0.8017
0.7892
0.7767
0.7641
0.7516
0.7391
0.7266
0.7140
0.7015
0.6889
0.6764
0.6638
0.6513
0.6387
0.6261
0.6136
0.6010
0.5884
0.5759
0.5633
0.5507
0.5381
0.5255
0.5130
0.5004
0.4878
0.4752
0.4626
0.4500
0.4374
0.4248
0.4122
0.3996
0.3870
0.3743
0.3617
0.3491
0.3365
0.3238
0.3112
0.2986
0.2860
0.2733
0.2607
0.2481
0.2354
0.2228
0.2128
0.2072
0.2016
0.1960
0.1904
0.1848
0.1792
0.1736
0.1680
0.1633
0.1599
0.1566
0.1533
0.1517
0.1506
0.1495
0.1484
0.1473
0.1462
0.1452
0.1441
0.1430
0.1419
0.1408
0.1397
0.1386
0.1375
0.1365
0.1354
0.1343
0.1332
0.1321
0.1310
0.1299
0.1288
0.1277
0.1266
0.1255
0.1244
0.1233
0.1222
0.1211
0.1199
0.1188
0.1177
0.1166
0.1155
0.1144
0.1133
0.1122
0.1110
0.1099
0.1088
0.1077
0.1066
0.1055
0.1043
0.1032
0.1021
0.1010
0.0998
0.0987
0.0976
0.0965
0.0953
0.0942
0.0931
0.0919
0.0908
0.0897
0.0885
0.0874
0.0863
0.0851
0.0840
0.0828
0.0817
0.0806
0.0794
0.0783
0.0771
0.0760
0.0748
0.0737
0.0725
0.0714
0.0702
0.0691
0.0679
0.0668
0.0656
0.0645
0.0633
0.0622
0.0610
0.0598
0.0587
0.0575
0.0564
0.0552
0.0540
0.0529
0.0517
0.0505
0.0494
0.0482
0.0470
0.0458
0.0447
0.0435
0.0423
0.0411
0.0400
0.0388
0.0376
0.0364
0.0353
0.0341
0.0329
0.0317
0.0305
0.0293
0.0282
0.0274
0.0274
end

