Number of Steps:   1000, Learning Rate: 0.00100
Starting Distribution
0.00, 0.51, 0.49, 0.00
0.00, 0.51, 0.49, 0.00
1.00, 0.00, 0.00, 0.00
1.00, 0.00, 0.00, 0.00
1.00, 0.00, 0.00, 0.00
1.00, 0.00, 0.00, 0.00
0.00, 0.49, 0.51, 0.00
0.00, 0.51, 0.49, 0.00
1.00, 0.00, 0.00, 0.00
0.00, 0.49, 0.51, 0.00
0.00, 0.49, 0.51, 0.00
1.00, 0.00, 0.00, 0.00
1.00, 0.00, 0.00, 0.00
1.00, 0.00, 0.00, 0.00
1.00, 0.00, 0.00, 0.00
0.00, 0.51, 0.49, 0.00
0.00, 0.51, 0.49, 0.00

Final Sequence
((....)).((....))
GCAAAAGCAGGGAAACC

free energy of ensemble: -0.72136 kcal/mol, free energy:  0.50000 kcal/mol
log Q(x): 1.1704, deltaG / kT:   0.8113, -log p(y|x):   1.9817
p(y|x) =   0.1378

Final Distribution
 1: 0.00, 0.00, 1.00, 0.00
 2: 0.00, 1.00, 0.00, 0.00
 3: 0.64, 0.00, 0.36, 0.00
 4: 1.00, 0.00, 0.00, 0.00
 5: 1.00, 0.00, 0.00, 0.00
 6: 1.00, 0.00, 0.00, 0.00
 7: 0.00, 0.00, 1.00, 0.00
 8: 0.00, 1.00, 0.00, 0.00
 9: 1.00, 0.00, 0.00, 0.00
10: 0.00, 0.00, 1.00, 0.00
11: 0.00, 0.00, 1.00, 0.00
12: 0.33, 0.00, 0.67, 0.00
13: 1.00, 0.00, 0.00, 0.00
14: 1.00, 0.00, 0.00, 0.00
15: 0.96, 0.00, 0.01, 0.03
16: 0.00, 1.00, 0.00, 0.00
17: 0.00, 1.00, 0.00, 0.00


Total Time: 1296.19 seconds.
Average Time: 1.2962 seconds.
Step, Sequence, -log p(y|x), p(y|x)
    1, GCAAAAGCAGGAAAACC,     3.5063,     0.0300
  776, GCAAAAGCAGGGAAACC,     1.9817,     0.1378

start
3504.0176
3498.0605
3455.2571
3128.6040
1008.7039
1008.4565
1004.9849
965.6958
532.0300
6.7138
6.6836
6.6534
6.6233
6.5933
6.5633
6.5335
6.5036
6.4739
6.4442
6.4146
6.3850
6.3556
6.3261
6.2968
6.2675
6.2383
6.2091
6.1801
6.1510
6.1221
6.0932
6.0643
6.0356
6.0069
5.9782
5.9496
5.9211
5.8927
5.8643
5.8359
5.8077
5.7795
5.7513
5.7232
5.6952
5.6672
5.6393
5.6114
5.5837
5.5559
5.5282
5.5006
5.4731
5.4455
5.4181
5.3907
5.3634
5.3361
5.3088
5.2817
5.2546
5.2275
5.2005
5.1735
5.1466
5.1198
5.0930
5.0663
5.0396
5.0129
4.9863
4.9598
4.9333
4.9069
4.8805
4.8542
4.8279
4.8017
4.7755
4.7494
4.7233
4.6973
4.6713
4.6453
4.6195
4.5936
4.5678
4.5421
4.5164
4.4907
4.4651
4.4396
4.4140
4.3886
4.3632
4.3378
4.3125
4.2872
4.2620
4.2368
4.2116
4.1865
4.1615
4.1364
4.1115
4.0982
4.0849
4.0717
4.0585
4.0454
4.0323
4.0193
4.0063
3.9933
3.9804
3.9675
3.9546
3.9418
3.9291
3.9163
3.9036
3.8910
3.8784
3.8658
3.8533
3.8408
3.8283
3.8159
3.8035
3.7912
3.7789
3.7666
3.7544
3.7422
3.7300
3.7179
3.7058
3.6938
3.6818
3.6698
3.6585
3.6518
3.6451
3.6384
3.6317
3.6250
3.6183
3.6116
3.6050
3.5983
3.5916
3.5849
3.5783
3.5716
3.5649
3.5583
3.5516
3.5450
3.5383
3.5317
3.5250
3.5184
3.5118
3.5051
3.4985
3.4919
3.4852
3.4786
3.4720
3.4654
3.4588
3.4522
3.4456
3.4390
3.4324
3.4258
3.4192
3.4126
3.4060
3.3995
3.3929
3.3863
3.3798
3.3732
3.3666
3.3601
3.3535
3.3470
3.3422
3.3391
3.3360
3.3328
3.3297
3.3266
3.3234
3.3203
3.3172
3.3140
3.3109
3.3078
3.3046
3.3015
3.2984
3.2953
3.2921
3.2890
3.2859
3.2828
3.2796
3.2765
3.2734
3.2702
3.2671
3.2640
3.2612
3.2601
3.2590
3.2580
3.2569
3.2558
3.2548
3.2537
3.2527
3.2516
3.2505
3.2495
3.2484
3.2474
3.2463
3.2452
3.2442
3.2431
3.2420
3.2410
3.2399
3.2389
3.2378
3.2367
3.2357
3.2346
3.2336
3.2325
3.2314
3.2304
3.2293
3.2283
3.2272
3.2261
3.2251
3.2240
3.2230
3.2219
3.2208
3.2198
3.2187
3.2177
3.2166
3.2155
3.2145
3.2134
3.2124
3.2113
3.2102
3.2092
3.2081
3.2071
3.2060
3.2049
3.2039
3.2028
3.2018
3.2007
3.1996
3.1986
3.1975
3.1965
3.1954
3.1943
3.1933
3.1922
3.1912
3.1901
3.1891
3.1880
3.1869
3.1859
3.1848
3.1838
3.1827
3.1816
3.1806
3.1795
3.1785
3.1774
3.1764
3.1753
3.1742
3.1732
3.1721
3.1711
3.1700
3.1689
3.1679
3.1668
3.1658
3.1647
3.1636
3.1626
3.1615
3.1605
3.1594
3.1584
3.1573
3.1562
3.1552
3.1541
3.1531
3.1520
3.1509
3.1499
3.1488
3.1478
3.1467
3.1457
3.1446
3.1435
3.1425
3.1414
3.1404
3.1393
3.1382
3.1372
3.1361
3.1351
3.1340
3.1330
3.1319
3.1308
3.1298
3.1287
3.1277
3.1266
3.1255
3.1245
3.1234
3.1224
3.1213
3.1202
3.1192
3.1181
3.1171
3.1160
3.1150
3.1139
3.1128
3.1118
3.1107
3.1097
3.1086
3.1075
3.1065
3.1054
3.1044
3.1033
3.1022
3.1012
3.1001
3.0991
3.0980
3.0969
3.0959
3.0948
3.0938
3.0927
3.0916
3.0906
3.0895
3.0885
3.0874
3.0863
3.0853
3.0842
3.0831
3.0821
3.0810
3.0800
3.0789
3.0778
3.0768
3.0757
3.0747
3.0736
3.0725
3.0715
3.0704
3.0693
3.0683
3.0672
3.0662
3.0651
3.0640
3.0630
3.0619
3.0608
3.0598
3.0587
3.0577
3.0566
3.0555
3.0545
3.0534
3.0523
3.0513
3.0502
3.0491
3.0481
3.0470
3.0459
3.0449
3.0438
3.0427
3.0417
3.0406
3.0395
3.0385
3.0374
3.0363
3.0353
3.0342
3.0331
3.0321
3.0310
3.0299
3.0289
3.0278
3.0267
3.0257
3.0246
3.0235
3.0225
3.0214
3.0203
3.0193
3.0182
3.0171
3.0161
3.0150
3.0139
3.0128
3.0118
3.0107
3.0096
3.0086
3.0075
3.0064
3.0053
3.0043
3.0032
3.0021
3.0011
3.0000
2.9989
2.9978
2.9968
2.9957
2.9946
2.9935
2.9925
2.9914
2.9903
2.9892
2.9882
2.9871
2.9860
2.9849
2.9839
2.9828
2.9817
2.9806
2.9795
2.9785
2.9774
2.9763
2.9752
2.9741
2.9731
2.9720
2.9709
2.9698
2.9687
2.9677
2.9666
2.9655
2.9644
2.9633
2.9623
2.9612
2.9601
2.9590
2.9579
2.9568
2.9558
2.9547
2.9536
2.9525
2.9514
2.9503
2.9492
2.9482
2.9471
2.9460
2.9449
2.9438
2.9427
2.9416
2.9405
2.9395
2.9384
2.9373
2.9362
2.9351
2.9340
2.9329
2.9318
2.9307
2.9296
2.9285
2.9274
2.9264
2.9253
2.9242
2.9231
2.9220
2.9209
2.9198
2.9187
2.9176
2.9165
2.9154
2.9143
2.9132
2.9121
2.9110
2.9099
2.9088
2.9077
2.9066
2.9055
2.9044
2.9033
2.9022
2.9011
2.9000
2.8989
2.8978
2.8967
2.8956
2.8944
2.8933
2.8922
2.8911
2.8900
2.8889
2.8878
2.8867
2.8856
2.8845
2.8834
2.8823
2.8811
2.8800
2.8789
2.8778
2.8767
2.8756
2.8745
2.8733
2.8722
2.8711
2.8700
2.8689
2.8678
2.8666
2.8655
2.8644
2.8633
2.8622
2.8610
2.8599
2.8588
2.8577
2.8566
2.8554
2.8543
2.8532
2.8521
2.8509
2.8498
2.8487
2.8476
2.8464
2.8453
2.8442
2.8430
2.8419
2.8408
2.8396
2.8385
2.8374
2.8362
2.8351
2.8340
2.8328
2.8317
2.8306
2.8294
2.8283
2.8272
2.8260
2.8249
2.8237
2.8226
2.8215
2.8203
2.8192
2.8180
2.8169
2.8157
2.8146
2.8134
2.8123
2.8112
2.8100
2.8089
2.8077
2.8066
2.8054
2.8043
2.8031
2.8019
2.8008
2.7996
2.7985
2.7973
2.7962
2.7950
2.7939
2.7927
2.7915
2.7904
2.7892
2.7881
2.7869
2.7857
2.7846
2.7834
2.7822
2.7811
2.7799
2.7787
2.7776
2.7764
2.7752
2.7741
2.7729
2.7717
2.7705
2.7694
2.7682
2.7670
2.7658
2.7647
2.7635
2.7623
2.7611
2.7599
2.7588
2.7576
2.7564
2.7552
2.7540
2.7528
2.7517
2.7505
2.7493
2.7481
2.7469
2.7457
2.7445
2.7433
2.7421
2.7409
2.7397
2.7385
2.7373
2.7362
2.7350
2.7338
2.7326
2.7314
2.7301
2.7289
2.7277
2.7265
2.7253
2.7241
2.7229
2.7217
2.7205
2.7193
2.7181
2.7169
2.7156
2.7144
2.7132
2.7120
2.7108
2.7096
2.7083
2.7071
2.7059
2.7047
2.7035
2.7022
2.7010
2.6998
2.6986
2.6973
2.6961
2.6949
2.6936
2.6924
2.6912
2.6899
2.6887
2.6875
2.6862
2.6850
2.6837
2.6825
2.6813
2.6800
2.6788
2.6775
2.6763
2.6750
2.6738
2.6725
2.6713
2.6700
2.6688
2.6675
2.6663
2.6650
2.6638
2.6625
2.6612
2.6600
2.6587
2.6574
2.6562
2.6549
2.6537
2.6524
2.6511
2.6498
2.6486
2.6473
2.6460
2.6448
2.6435
2.6422
2.6409
2.6396
2.6384
2.6371
2.6358
2.6345
2.6332
2.6319
2.6306
2.6294
2.6281
2.6268
2.6255
2.6242
2.6229
2.6216
2.6203
2.6190
2.6177
2.6164
2.6151
2.6138
2.6125
2.6112
2.6098
2.6085
2.6072
2.6059
2.6046
2.6033
2.6020
2.6006
2.5993
2.5980
2.5967
2.5954
2.5940
2.5927
2.5914
2.5900
2.5887
2.5874
2.5860
2.5847
2.5834
2.5820
2.5807
2.5793
2.5780
2.5767
2.5753
2.5740
2.5726
2.5713
2.5699
2.5685
2.5672
2.5658
2.5645
2.5631
2.5618
2.5604
2.5590
2.5577
2.5563
2.5549
2.5536
2.5522
2.5508
2.5494
2.5480
2.5467
2.5453
2.5439
2.5425
2.5411
2.5397
2.5384
2.5370
2.5356
2.5342
2.5328
2.5314
2.5300
2.5286
2.5272
2.5258
2.5244
2.5229
2.5215
2.5201
2.5187
2.5173
2.5159
2.5145
2.5130
2.5116
2.5102
2.5088
2.5073
2.5059
2.5045
2.5030
2.5016
2.5002
2.4987
2.4973
2.4958
2.4944
2.4930
2.4915
2.4901
2.4886
2.4871
2.4857
2.4842
2.4828
2.4813
2.4798
2.4784
2.4769
2.4754
2.4740
2.4725
2.4710
2.4695
2.4681
2.4666
2.4651
2.4636
2.4621
2.4606
2.4591
2.4576
2.4561
2.4546
2.4531
2.4516
2.4501
2.4486
2.4471
2.4456
2.4441
2.4426
2.4411
2.4395
2.4380
2.4365
2.4350
2.4334
2.4319
2.4304
2.4288
2.4273
2.4258
2.4242
2.4227
2.4211
2.4196
2.4180
2.4165
2.4149
2.4134
2.4118
2.4103
2.4087
2.4071
2.4056
2.4040
2.4024
2.4008
2.3993
2.3977
2.3961
2.3945
2.3929
2.3913
2.3897
2.3881
2.3865
2.3849
2.3833
2.3817
2.3801
2.3785
2.3769
2.3753
2.3737
2.3720
2.3704
2.3688
2.3672
2.3655
2.3639
2.3623
2.3606
2.3590
2.3574
2.3557
2.3541
2.3524
2.3508
2.3491
2.3474
2.3458
2.3441
2.3424
2.3408
2.3391
2.3374
2.3358
2.3341
2.3324
2.3307
2.3290
2.3273
2.3256
2.3239
2.3222
2.3205
2.3188
2.3171
2.3154
2.3137
2.3120
2.3103
2.3087
2.3070
end

