beam size: 100
Num Steps:   1000, Learning Rate: 0.001000
Starting Distribution
0.25, 0.25, 0.25, 0.25
0.25, 0.25, 0.25, 0.25
0.25, 0.25, 0.25, 0.25
0.25, 0.25, 0.25, 0.25
0.25, 0.25, 0.25, 0.25
0.25, 0.25, 0.25, 0.25
0.25, 0.25, 0.25, 0.25
0.25, 0.25, 0.25, 0.25
0.25, 0.25, 0.25, 0.25
0.25, 0.25, 0.25, 0.25
0.25, 0.25, 0.25, 0.25
0.25, 0.25, 0.25, 0.25
0.25, 0.25, 0.25, 0.25
0.25, 0.25, 0.25, 0.25
0.25, 0.25, 0.25, 0.25
0.25, 0.25, 0.25, 0.25
0.25, 0.25, 0.25, 0.25

Final Sequence
((....)).((....))
UUGUAAGAUCUGUUGGG

free energy of ensemble: -0.06056 kcal/mol, free energy:  6.30000 kcal/mol
log Q(x): 0.0983, deltaG / kT:  10.2219, -log p(y|x):  10.3202
p(y|x) =   0.0000

Final Distribution
 1: 0.00, 0.00, 0.00, 1.00
 2: 0.00, 0.00, 0.00, 1.00
 3: 0.12, 0.00, 0.86, 0.02
 4: 0.41, 0.00, 0.15, 0.44
 5: 0.42, 0.00, 0.17, 0.41
 6: 0.49, 0.00, 0.48, 0.03
 7: 0.25, 0.00, 0.75, 0.00
 8: 0.64, 0.00, 0.36, 0.00
 9: 0.34, 0.00, 0.32, 0.34
10: 0.00, 1.00, 0.00, 0.00
11: 0.00, 0.00, 0.00, 1.00
12: 0.15, 0.00, 0.77, 0.08
13: 0.29, 0.00, 0.32, 0.39
14: 0.33, 0.00, 0.30, 0.36
15: 0.39, 0.00, 0.50, 0.11
16: 0.17, 0.00, 0.83, 0.00
17: 0.00, 0.00, 1.00, 0.00


Step, Sequence, -log p(y|x), p(y|x)
    1, UUAAAAGGCGUAAAAGU,    19.6359,     0.0000
    2, UUAAAAGGCUUAAAUGG,    16.9175,     0.0000
    3, UUAAAUGGCUUUAAUGG,    16.3503,     0.0000
    5, UUUAAUGGCUUUAAUGG,    15.3384,     0.0000
    8, UUAAAUGGCUUUAAUGG,    16.3503,     0.0000
   10, UUAAAAGGCUUUAAUGG,    16.0476,     0.0000
   12, UUAAAAGGCUUUAAAGG,    17.1870,     0.0000
   56, UUAAAAGGUUUUAAAGG,    17.1712,     0.0000
   62, UUAAAAGGAUUUAAAGG,    17.1449,     0.0000
  105, UUGAAAGGAUUUAAAGG,    16.5185,     0.0000
  116, UUGAAAGGAUUGAAAGG,    15.2693,     0.0000
  198, UUGAAAGGAUUGUAAGG,    15.2688,     0.0000
  318, UUGAAAGGACUGUAAGG,    11.8762,     0.0000
  325, UUGUAAGGACUGUAAGG,    11.8890,     0.0000
  344, UUGUAAGGUCUGUAAGG,    11.9021,     0.0000
  368, UUGUAAGGUCUGUUAGG,    11.9264,     0.0000
  560, UUGUAAGGUCUGUUGGG,    11.6165,     0.0000
  756, UUGUAAGAUCUGUUGGG,    10.3202,     0.0000

start
4233.3152
3590.6950
3521.9375
3517.0235
3514.9493
3500.3813
3385.2706
2407.4478
141.9151
24.0678
24.0119
23.9555
23.8986
23.8412
23.7832
23.7247
23.6657
23.6061
23.5459
23.4851
23.4237
23.3616
23.2989
23.2355
23.1714
23.1066
23.0411
22.9747
22.9076
22.8397
22.7709
22.7013
22.6307
22.5592
22.4868
22.4133
22.3388
22.2631
22.1864
22.1084
22.0292
21.9487
21.8669
21.7837
21.6990
21.6128
21.5249
21.4354
21.3441
21.2510
21.1559
21.0587
20.9594
20.8578
20.7538
20.6472
20.5380
20.4259
20.3108
20.1925
20.0708
19.9455
19.8164
19.6833
19.5459
19.4039
19.2572
19.1053
18.9481
18.7852
18.6163
18.4413
18.2598
18.0718
17.9260
17.7764
17.6228
17.4663
17.3306
17.1930
17.0548
16.9174
16.7910
16.6851
16.5832
16.4857
16.4216
16.3939
16.3667
16.3401
16.3139
16.2883
16.2631
16.2384
16.2142
16.1904
16.1670
16.1542
16.1423
16.1304
16.1186
16.1068
16.0950
16.0832
16.0714
16.0597
16.0479
16.0362
16.0245
16.0127
16.0010
15.9894
15.9777
15.9661
15.9544
15.9428
15.9312
15.9196
15.9080
15.8965
15.8849
15.8734
15.8618
15.8503
15.8388
15.8273
15.8158
15.8044
15.7929
15.7815
15.7700
15.7586
15.7472
15.7358
15.7244
15.7130
15.7016
15.6903
15.6789
15.6675
15.6562
15.6449
15.6335
15.6222
15.6109
15.5995
15.5882
15.5769
15.5662
15.5584
15.5507
15.5430
15.5353
15.5276
15.5200
15.5123
15.5047
15.4971
15.4895
15.4819
15.4744
15.4669
15.4593
15.4518
15.4443
15.4369
15.4294
15.4220
15.4145
15.4071
15.3997
15.3924
15.3850
15.3777
15.3708
15.3642
15.3576
15.3511
15.3445
15.3379
15.3313
15.3248
15.3182
15.3116
15.3050
15.2984
15.2918
15.2852
15.2791
15.2733
15.2675
15.2617
15.2559
15.2501
15.2443
15.2385
15.2327
15.2269
15.2211
15.2153
15.2095
15.2036
15.1978
15.1920
15.1861
15.1803
15.1745
15.1686
15.1628
15.1569
15.1511
15.1452
15.1394
15.1335
15.1277
15.1218
15.1159
15.1101
15.1042
15.0983
15.0924
15.0865
15.0806
15.0748
15.0689
15.0630
15.0571
15.0512
15.0452
15.0393
15.0334
15.0275
15.0216
15.0157
15.0097
15.0038
14.9979
14.9919
14.9860
14.9801
14.9741
14.9682
14.9622
14.9563
14.9503
14.9444
14.9384
14.9324
14.9264
14.9205
14.9145
14.9085
14.9025
14.8965
14.8905
14.8846
14.8786
14.8726
14.8665
14.8605
14.8545
14.8485
14.8425
14.8365
14.8304
14.8244
14.8184
14.8123
14.8063
14.8003
14.7942
14.7882
14.7821
14.7761
14.7700
14.7639
14.7579
14.7518
14.7457
14.7396
14.7336
14.7275
14.7214
14.7153
14.7092
14.7031
14.6970
14.6909
14.6848
14.6787
14.6726
14.6664
14.6603
14.6542
14.6481
14.6419
14.6358
14.6297
14.6235
14.6174
14.6112
14.6051
14.5989
14.5927
14.5866
14.5804
14.5742
14.5681
14.5619
14.5557
14.5495
14.5433
14.5371
14.5309
14.5247
14.5185
14.5123
14.5061
14.4999
14.4937
14.4874
14.4812
14.4750
14.4687
14.4625
14.4563
14.4500
14.4438
14.4375
14.4313
14.4250
14.4187
14.4125
14.4062
14.3999
14.3937
14.3874
14.3811
14.3748
14.3685
14.3622
14.3559
14.3496
14.3433
14.3370
14.3307
14.3243
14.3180
14.3117
14.3054
14.2990
14.2927
14.2864
14.2800
14.2737
14.2673
14.2609
14.2546
14.2482
14.2418
14.2355
14.2291
14.2227
14.2163
14.2100
14.2036
14.1972
14.1908
14.1844
14.1780
14.1715
14.1651
14.1587
14.1523
14.1459
14.1394
14.1330
14.1266
14.1201
14.1137
14.1072
14.1008
14.0943
14.0878
14.0814
14.0749
14.0684
14.0619
14.0555
14.0490
14.0425
14.0360
14.0295
14.0230
14.0165
14.0100
14.0035
13.9969
13.9904
13.9839
13.9774
13.9708
13.9643
13.9577
13.9512
13.9446
13.9381
13.9315
13.9250
13.9184
13.9118
13.9052
13.8987
13.8921
13.8855
13.8789
13.8723
13.8657
13.8591
13.8525
13.8459
13.8393
13.8326
13.8260
13.8194
13.8127
13.8061
13.7995
13.7928
13.7862
13.7795
13.7729
13.7662
13.7595
13.7529
13.7462
13.7395
13.7328
13.7261
13.7194
13.7127
13.7060
13.6993
13.6926
13.6859
13.6792
13.6724
13.6657
13.6590
13.6522
13.6455
13.6388
13.6320
13.6253
13.6185
13.6117
13.6050
13.5982
13.5914
13.5846
13.5778
13.5711
13.5643
13.5575
13.5507
13.5438
13.5370
13.5302
13.5234
13.5166
13.5097
13.5029
13.4961
13.4892
13.4824
13.4755
13.4686
13.4618
13.4549
13.4480
13.4412
13.4343
13.4274
13.4205
13.4136
13.4067
13.3998
13.3929
13.3860
13.3790
13.3721
13.3652
13.3582
13.3513
13.3444
13.3374
13.3305
13.3235
13.3165
13.3096
13.3026
13.2956
13.2886
13.2816
13.2746
13.2676
13.2606
13.2536
13.2466
13.2396
13.2326
13.2255
13.2185
13.2115
13.2044
13.1974
13.1903
13.1833
13.1762
13.1691
13.1621
13.1550
13.1479
13.1408
13.1337
13.1266
13.1195
13.1124
13.1053
13.0982
13.0910
13.0839
13.0768
13.0696
13.0625
13.0553
13.0482
13.0410
13.0339
13.0267
13.0195
13.0123
13.0051
12.9979
12.9907
12.9835
12.9763
12.9691
12.9619
12.9547
12.9474
12.9402
12.9330
12.9257
12.9185
12.9112
12.9039
12.8967
12.8894
12.8821
12.8748
12.8675
12.8602
12.8529
12.8456
12.8383
12.8310
12.8236
12.8163
12.8090
12.8016
12.7943
12.7869
12.7796
12.7722
12.7648
12.7574
12.7501
12.7427
12.7353
12.7279
12.7205
12.7131
12.7056
12.6982
12.6908
12.6833
12.6759
12.6685
12.6610
12.6535
12.6461
12.6386
12.6311
12.6236
12.6161
12.6086
12.6011
12.5936
12.5861
12.5786
12.5711
12.5635
12.5560
12.5484
12.5409
12.5333
12.5257
12.5182
12.5106
12.5030
12.4954
12.4878
12.4802
12.4726
12.4650
12.4573
12.4497
12.4421
12.4344
12.4268
12.4191
12.4115
12.4038
12.3961
12.3884
12.3807
12.3730
12.3653
12.3576
12.3499
12.3422
12.3344
12.3267
12.3189
12.3112
12.3034
12.2957
12.2899
12.2872
12.2846
12.2819
12.2793
12.2766
12.2739
12.2713
12.2686
12.2659
12.2632
12.2605
12.2579
12.2552
12.2525
12.2498
12.2470
12.2443
12.2416
12.2389
12.2362
12.2334
12.2307
12.2280
12.2252
12.2225
12.2197
12.2170
12.2142
12.2115
12.2087
12.2059
12.2032
12.2004
12.1976
12.1948
12.1920
12.1892
12.1864
12.1836
12.1808
12.1780
12.1752
12.1724
12.1695
12.1667
12.1639
12.1610
12.1582
12.1553
12.1525
12.1496
12.1468
12.1439
12.1410
12.1382
12.1353
12.1324
12.1295
12.1266
12.1237
12.1208
12.1179
12.1150
12.1121
12.1092
12.1062
12.1033
12.1004
12.0974
12.0945
12.0915
12.0886
12.0856
12.0826
12.0796
12.0767
12.0740
12.0716
12.0691
12.0667
12.0642
12.0617
12.0593
12.0568
12.0543
12.0519
12.0494
12.0469
12.0444
12.0419
12.0394
12.0369
12.0344
12.0319
12.0294
12.0269
12.0244
12.0218
12.0193
12.0168
12.0142
12.0117
12.0091
12.0066
12.0040
12.0014
11.9989
11.9963
11.9937
11.9911
11.9885
11.9859
11.9833
11.9807
11.9781
11.9755
11.9729
11.9703
11.9677
11.9650
11.9624
11.9597
11.9571
11.9544
11.9518
11.9491
11.9464
11.9438
11.9411
11.9384
11.9357
11.9330
11.9303
11.9276
11.9249
11.9222
11.9195
11.9168
11.9140
11.9113
11.9086
11.9058
11.9031
11.9003
11.8976
11.8948
11.8920
11.8892
11.8865
11.8837
11.8809
11.8781
11.8753
11.8725
11.8696
11.8668
11.8640
11.8612
11.8583
11.8555
11.8526
11.8498
11.8469
11.8441
11.8412
11.8383
11.8354
11.8325
11.8296
11.8267
11.8238
11.8209
11.8180
11.8151
11.8121
11.8092
11.8063
11.8033
11.8004
11.7974
11.7944
11.7915
11.7885
11.7855
11.7825
11.7795
11.7765
11.7735
11.7705
11.7675
11.7644
11.7614
11.7584
11.7553
11.7523
11.7492
11.7461
11.7431
11.7400
11.7369
11.7338
11.7307
11.7276
11.7245
11.7214
11.7182
11.7151
11.7120
11.7088
11.7057
11.7025
11.6993
11.6962
11.6930
11.6898
11.6866
11.6834
11.6802
11.6770
11.6738
11.6705
11.6673
11.6641
11.6608
11.6576
11.6543
11.6510
11.6477
11.6445
11.6412
11.6379
11.6346
11.6312
11.6279
11.6246
11.6213
11.6179
11.6146
11.6112
11.6078
11.6045
11.6011
11.5977
11.5943
11.5909
11.5875
11.5841
11.5807
11.5772
11.5738
11.5703
11.5669
11.5634
11.5599
11.5564
11.5530
11.5495
11.5460
11.5424
11.5389
11.5354
11.5319
11.5283
11.5248
11.5212
11.5176
11.5140
11.5105
11.5069
11.5033
11.4996
11.4960
11.4924
11.4888
11.4851
11.4815
11.4778
11.4741
11.4705
11.4668
11.4631
11.4594
11.4556
11.4519
11.4482
11.4444
11.4407
11.4369
11.4332
11.4294
11.4256
11.4218
11.4180
11.4142
11.4104
11.4065
11.4027
11.3989
11.3950
11.3911
11.3873
11.3834
11.3795
11.3756
11.3717
11.3677
11.3638
11.3599
11.3559
11.3520
11.3480
11.3440
11.3400
11.3360
11.3320
11.3280
11.3240
11.3199
11.3159
11.3118
11.3078
11.3037
11.2996
11.2955
11.2914
11.2873
11.2831
11.2790
11.2748
11.2707
11.2665
11.2623
11.2581
11.2539
11.2497
11.2455
11.2413
11.2370
11.2328
11.2285
11.2242
11.2199
11.2157
11.2113
11.2070
11.2027
11.1984
11.1940
11.1897
11.1853
11.1809
11.1765
11.1721
11.1677
11.1633
11.1588
11.1544
11.1499
11.1454
11.1409
11.1364
end

Total Time: 1435.50 seconds.
Average Time: 1.4355 seconds.
