Number of Steps:   1000, Learning Rate: 0.00100
Starting Distribution
0.00, 0.49, 0.51, 0.00
0.00, 0.49, 0.51, 0.00
0.00, 0.51, 0.49, 0.00
0.00, 0.49, 0.51, 0.00
0.00, 0.51, 0.49, 0.00
1.00, 0.00, 0.00, 0.00
1.00, 0.00, 0.00, 0.00
1.00, 0.00, 0.00, 0.00
1.00, 0.00, 0.00, 0.00
1.00, 0.00, 0.00, 0.00
1.00, 0.00, 0.00, 0.00
0.00, 0.49, 0.51, 0.00
0.00, 0.49, 0.51, 0.00
0.00, 0.51, 0.49, 0.00
0.00, 0.51, 0.49, 0.00
0.00, 0.51, 0.49, 0.00

Final Sequence
(((((......)))))
GGCGCAAAAAAGCGCC

free energy of ensemble: -8.60407 kcal/mol, free energy: -8.60000 kcal/mol
log Q(x): 13.9604, deltaG / kT: -13.9538, -log p(y|x):   0.0066
p(y|x) =   0.9934

Final Distribution
 1: 0.00, 0.00, 1.00, 0.00
 2: 0.00, 0.00, 1.00, 0.00
 3: 0.00, 1.00, 0.00, 0.00
 4: 0.00, 0.00, 1.00, 0.00
 5: 0.00, 1.00, 0.00, 0.00
 6: 1.00, 0.00, 0.00, 0.00
 7: 1.00, 0.00, 0.00, 0.00
 8: 1.00, 0.00, 0.00, 0.00
 9: 1.00, 0.00, 0.00, 0.00
10: 1.00, 0.00, 0.00, 0.00
11: 1.00, 0.00, 0.00, 0.00
12: 0.00, 0.00, 1.00, 0.00
13: 0.00, 1.00, 0.00, 0.00
14: 0.00, 0.00, 1.00, 0.00
15: 0.00, 1.00, 0.00, 0.00
16: 0.00, 1.00, 0.00, 0.00


Total Time: 293.21 seconds.
Average Time: 0.2932 seconds.
Step, Sequence, -log p(y|x), p(y|x)
    1, GGGGCAAAAAAGCCCC,     0.0066,     0.9934
   26, GGCGCAAAAAAGCGCC,     0.0066,     0.9934

start
4008.5065
4003.6494
3972.2467
3745.8984
2357.7204
1758.8646
1755.7518
1732.4520
1557.8385
1006.2162
1001.3336
947.7127
357.8801
3.2194
3.1948
3.1702
3.1457
3.1213
3.0969
3.0726
3.0484
3.0243
3.0003
2.9763
2.9524
2.9286
2.9049
2.8813
2.8577
2.8342
2.8108
2.7875
2.7642
2.7410
2.7179
2.6949
2.6719
2.6490
2.6262
2.6035
2.5808
2.5583
2.5357
2.5133
2.4910
2.4687
2.4465
2.4243
2.4023
2.3803
2.3583
2.3365
2.3147
2.2930
2.2714
2.2498
2.2283
2.2069
2.1856
2.1643
2.1431
2.1219
2.1009
2.0799
2.0589
2.0381
2.0173
1.9966
1.9759
1.9553
1.9348
1.9143
1.8940
1.8736
1.8534
1.8332
1.8131
1.7930
1.7731
1.7531
1.7333
1.7135
1.6938
1.6741
1.6545
1.6350
1.6155
1.5961
1.5768
1.5575
1.5383
1.5192
1.5001
1.4811
1.4621
1.4432
1.4244
1.4056
1.3869
1.3683
1.3497
1.3312
1.3127
1.2943
1.2759
1.2576
1.2394
1.2212
1.2031
1.1851
1.1671
1.1492
1.1313
1.1135
1.0957
1.0780
1.0603
1.0427
1.0252
1.0077
0.9903
0.9730
0.9556
0.9384
0.9212
0.9040
0.8869
0.8699
0.8529
0.8360
0.8191
0.8023
0.7879
0.7782
0.7685
0.7588
0.7492
0.7396
0.7300
0.7204
0.7108
0.7013
0.6918
0.6823
0.6728
0.6634
0.6540
0.6446
0.6352
0.6259
0.6165
0.6072
0.5980
0.5887
0.5795
0.5702
0.5611
0.5519
0.5427
0.5336
0.5245
0.5154
0.5064
0.4973
0.4883
0.4793
0.4703
0.4614
0.4525
0.4435
0.4346
0.4258
0.4169
0.4081
0.3993
0.3905
0.3817
0.3730
0.3643
0.3556
0.3469
0.3382
0.3296
0.3210
0.3124
0.3038
0.2952
0.2867
0.2781
0.2696
0.2611
0.2527
0.2443
0.2358
0.2274
0.2190
0.2106
0.2023
0.1957
0.1918
0.1881
0.1843
0.1806
0.1768
0.1730
0.1692
0.1655
0.1617
0.1579
0.1541
0.1503
0.1465
0.1437
0.1422
0.1407
0.1391
0.1376
0.1360
0.1345
0.1329
0.1314
0.1298
0.1283
0.1267
0.1252
0.1236
0.1221
0.1205
0.1189
0.1174
0.1158
0.1142
0.1127
0.1111
0.1095
0.1080
0.1064
0.1048
0.1032
0.1017
0.1001
0.0985
0.0969
0.0953
0.0937
0.0921
0.0905
0.0889
0.0874
0.0858
0.0842
0.0826
0.0810
0.0794
0.0778
0.0762
0.0746
0.0730
0.0714
0.0697
0.0681
0.0665
0.0649
0.0633
0.0617
0.0600
0.0584
0.0568
0.0552
0.0535
0.0519
0.0503
0.0487
0.0470
0.0454
0.0438
0.0421
0.0405
0.0389
0.0372
0.0356
0.0339
0.0323
0.0307
0.0290
0.0274
0.0257
0.0241
0.0224
0.0208
0.0191
0.0174
0.0158
0.0141
0.0125
0.0108
0.0091
0.0075
0.0066
0.0066
0.0066
0.0066
0.0066
0.0066
0.0066
0.0066
0.0066
0.0066
0.0066
0.0066
0.0066
0.0066
0.0066
0.0066
0.0066
0.0066
0.0066
0.0066
0.0066
0.0066
0.0066
0.0066
0.0066
0.0066
0.0066
0.0066
0.0066
end

