Number of Steps:   1000, Learning Rate: 0.00100
Starting Distribution
0.00, 0.49, 0.51, 0.00
0.00, 0.51, 0.49, 0.00
0.00, 0.49, 0.51, 0.00
0.00, 0.49, 0.51, 0.00
1.00, 0.00, 0.00, 0.00
1.00, 0.00, 0.00, 0.00
1.00, 0.00, 0.00, 0.00
0.00, 0.49, 0.51, 0.00
0.00, 0.49, 0.51, 0.00
0.00, 0.51, 0.49, 0.00
0.00, 0.51, 0.49, 0.00
1.00, 0.00, 0.00, 0.00

Final Sequence
((((...)))).
GCGGAAACCGCA

free energy of ensemble: -3.72465 kcal/mol, free energy: -3.70000 kcal/mol
log Q(x): 6.0434, deltaG / kT:  -6.0034, -log p(y|x):   0.0400
p(y|x) =   0.9608

Final Distribution
 1: 0.00, 0.00, 1.00, 0.00
 2: 0.00, 1.00, 0.00, 0.00
 3: 0.00, 0.00, 1.00, 0.00
 4: 0.00, 0.00, 1.00, 0.00
 5: 1.00, 0.00, 0.00, 0.00
 6: 1.00, 0.00, 0.00, 0.00
 7: 1.00, 0.00, 0.00, 0.00
 8: 0.00, 1.00, 0.00, 0.00
 9: 0.00, 1.00, 0.00, 0.00
10: 0.00, 0.00, 1.00, 0.00
11: 0.00, 1.00, 0.00, 0.00
12: 1.00, 0.00, 0.00, 0.00


Total Time: 32.56 seconds.
Average Time: 0.0326 seconds.
Step, Sequence, -log p(y|x), p(y|x)
    1, GCGGAAACCGCA,     0.0400,     0.9608

start
3255.2929
3253.0026
3238.7445
3132.4149
2504.6906
2504.4060
2502.4122
2488.6371
2389.4907
1644.3060
430.9295
2.4550
2.4411
2.4271
2.4132
2.3993
2.3854
2.3715
2.3577
2.3438
2.3300
2.3163
2.3025
2.2888
2.2750
2.2613
2.2476
2.2340
2.2204
2.2067
2.1932
2.1796
2.1660
2.1525
2.1390
2.1255
2.1120
2.0986
2.0851
2.0717
2.0583
2.0450
2.0316
2.0183
2.0050
1.9917
1.9784
1.9652
1.9519
1.9387
1.9255
1.9124
1.8992
1.8861
1.8730
1.8599
1.8468
1.8337
1.8207
1.8077
1.7946
1.7817
1.7687
1.7558
1.7428
1.7299
1.7170
1.7042
1.6913
1.6785
1.6656
1.6528
1.6401
1.6273
1.6145
1.6018
1.5891
1.5764
1.5637
1.5511
1.5384
1.5258
1.5132
1.5006
1.4880
1.4755
1.4629
1.4504
1.4379
1.4254
1.4129
1.4005
1.3881
1.3756
1.3632
1.3508
1.3385
1.3261
1.3138
1.3014
1.2891
1.2768
1.2645
1.2523
1.2400
1.2278
1.2156
1.2034
1.1912
1.1790
1.1669
1.1547
1.1426
1.1305
1.1184
1.1063
1.0943
1.0822
1.0702
1.0582
1.0461
1.0341
1.0222
1.0102
0.9983
0.9863
0.9744
0.9625
0.9506
0.9387
0.9268
0.9150
0.9032
0.8913
0.8795
0.8677
0.8559
0.8442
0.8324
0.8207
0.8089
0.7972
0.7855
0.7738
0.7622
0.7505
0.7388
0.7272
0.7156
0.7040
0.6924
0.6808
0.6692
0.6576
0.6461
0.6345
0.6230
0.6115
0.6000
0.5885
0.5770
0.5655
0.5541
0.5426
0.5312
0.5198
0.5083
0.4969
0.4856
0.4742
0.4628
0.4514
0.4401
0.4288
0.4175
0.4061
0.3948
0.3836
0.3741
0.3663
0.3584
0.3505
0.3426
0.3347
0.3268
0.3189
0.3110
0.3031
0.2951
0.2872
0.2792
0.2712
0.2632
0.2552
0.2472
0.2392
0.2312
0.2232
0.2151
0.2071
0.1990
0.1909
0.1828
0.1748
0.1667
0.1624
0.1582
0.1539
0.1497
0.1454
0.1412
0.1369
0.1351
0.1342
0.1333
0.1324
0.1316
0.1307
0.1298
0.1289
0.1280
0.1272
0.1263
0.1254
0.1245
0.1236
0.1228
0.1219
0.1210
0.1201
0.1192
0.1183
0.1174
0.1166
0.1157
0.1148
0.1139
0.1130
0.1121
0.1112
0.1103
0.1094
0.1085
0.1076
0.1067
0.1058
0.1049
0.1040
0.1031
0.1022
0.1013
0.1004
0.0995
0.0986
0.0977
0.0968
0.0959
0.0950
0.0941
0.0932
0.0923
0.0914
0.0905
0.0895
0.0886
0.0877
0.0868
0.0859
0.0850
0.0841
0.0831
0.0822
0.0813
0.0804
0.0795
0.0786
0.0776
0.0767
0.0758
0.0749
0.0739
0.0730
0.0721
0.0712
0.0702
0.0693
0.0684
0.0674
0.0665
0.0656
0.0646
0.0637
0.0628
0.0618
0.0609
0.0600
0.0590
0.0581
0.0571
0.0562
0.0553
0.0543
0.0534
0.0524
0.0515
0.0506
0.0496
0.0487
0.0477
0.0468
0.0458
0.0449
0.0439
0.0430
0.0420
0.0411
0.0401
0.0400
0.0400
end

